#################################################################
#                       GlycoTorch-Vina Results                 #
#################################################################

WARNING: The search space volume > 27000 Angstrom^3 (See FAQ)
1loh_ligand.pdbqt
Output will be 1loh_ligand_out.pdbqt
Detected 8 CPUs
Reading input ...
CHI energy penalties NOT applied to torsion in linkage b/w BDP   1  and NAG   2  | ??? (?1 - 3a) ???
CHI energy penalties NOT applied to torsion in linkage b/w NAG   2  and BDP   3  | ??? (?1 - 4e) 4C1
CHI energy penalties applied to torsion in linkage b/w BDP   3  and NAG   4  | 4C1 (b1 - 3e) 4C1
CHI energy penalties NOT applied to torsion in linkage b/w NAG   4  and BDP   5  | 4C1 (?1 - 4e) 4C1
CHI energy penalties applied to torsion in linkage b/w BDP   5  and NAG   6  | 4C1 (b1 - 3e) 4C1
done.
Setting up the scoring function ... done.
Analyzing the binding site ... done.
Using random seed: 231362496
Performing search ...
0%   10   20   30   40   50   60   70   80   90   100%
|----|----|----|----|----|----|----|----|----|----|
***************************************************
done.
Refining results ... done.

mode |   affinity |   chi,   |  affinity | dist from best mode
     | (kcal/mol) |   ffe    |  -chi -ff  | rmsd l.b.| rmsd u.b.
-----+------------+---------+--------------------+------------
   1        -12.5   0.0, 0.0      -12.5      0.000      0.000
   2        -12.2   0.0, 0.0      -12.2      6.012     15.156
   3        -12.0   0.0, 0.0      -12.0      5.967     12.408
   4        -11.7   0.0, 0.0      -11.7      5.947     16.165
   5        -11.3   0.0, 0.0      -11.3      7.258     10.301
   6        -11.2   0.0, 0.0      -11.2     27.531     34.217
   7        -11.1   0.0, 0.0      -11.1     10.591     19.752
   8        -11.1   0.0, 0.0      -11.1      6.167      9.380
   9        -11.1   0.0, 0.0      -11.1     27.885     29.839
  10        -10.9   0.0, 0.0      -10.9      6.934     17.211
  11        -10.9   0.0, 0.0      -10.9     11.963     18.058
  12        -10.8   0.0, 0.0      -10.8     27.593     30.352
  13        -10.7   0.0, 0.0      -10.7      5.615      7.759
  14        -10.7   0.0, 0.0      -10.7     33.552     39.655
  15        -10.7   0.0, 0.0      -10.7     29.233     32.887
  16        -10.6   0.0, 0.0      -10.6     32.717     38.828
  17        -10.5   0.0, 0.0      -10.5      9.394     19.304
  18        -10.4   0.0, 0.0      -10.4      9.466     19.460
  19        -10.3   0.0, 0.0      -10.3     28.633     33.598
  20        -10.2   0.0, 0.0      -10.2     11.449     19.860
  21        -10.1   0.0, 0.0      -10.1     26.112     30.130
  22        -10.1   0.0, 0.0      -10.1     27.425     30.770
  23        -10.1   0.0, 0.0      -10.1     25.994     31.957
  24        -10.0   0.0, 0.0      -10.0     35.505     41.587
  25        -10.0   0.0, 0.0      -10.0     28.872     31.990
  26         -9.9   0.0, 0.0      -9.9     27.086     33.055
  27         -9.9   0.0, 0.0      -9.9     27.927     34.671
  28         -9.9   0.0, 0.0      -9.9     31.049     35.001
  29         -9.7   0.0, 0.0      -9.7     28.262     31.750
  30         -9.7   0.0, 0.0      -9.7      6.097      8.035
  31         -9.7   0.0, 0.0      -9.7     13.289     16.683
  32         -9.7   0.0, 0.0      -9.7     26.435     30.318
  33         -9.7   0.0, 0.0      -9.7      8.596     18.247
  34         -9.7   0.0, 0.0      -9.7     13.052     17.798
  35         -9.7   0.0, 0.0      -9.7     11.780     18.670
  36         -9.7   0.0, 0.0      -9.7     22.422     30.383
  37         -9.6   0.0, 0.0      -9.6     12.908     20.016
  38         -9.6   0.0, 0.0      -9.6     10.105     18.774
  39         -9.6   0.0, 0.0      -9.6     25.887     30.240
  40         -9.6   0.0, 0.0      -9.6      9.213     18.453
  41         -9.6   0.0, 0.0      -9.6      5.866      8.958
  42         -9.6   0.0, 0.0      -9.6     11.840     19.919
  43         -9.5   0.0, 0.0      -9.5     12.244     20.240
  44         -9.5   0.0, 0.0      -9.5     25.052     35.358
  45         -9.4   0.0, 0.0      -9.4     28.972     31.848
  46         -9.3   0.0, 0.0      -9.3     33.597     37.767
  47         -9.3   0.0, 0.0      -9.3     24.429     29.330
  48         -9.3   0.0, 0.0      -9.3     26.986     31.557
  49         -9.3   0.0, 0.0      -9.3     14.778     21.293
  50         -9.3   0.0, 0.0      -9.3     11.913     20.446
  51         -9.2   0.0, 0.0      -9.2      8.122     11.097
  52         -9.1   0.0, 0.0      -9.1      6.896      9.677
  53         -9.1   0.0, 0.0      -9.1     32.282     37.867
  54         -9.1   0.0, 0.0      -9.1      9.452     18.938
  55         -9.1   0.0, 0.0      -9.1     24.076     29.097
  56         -9.0   0.0, 0.0      -9.0     34.823     39.651
  57         -9.0   0.0, 0.0      -9.0     28.581     32.327
  58         -9.0   0.0, 0.0      -9.0     27.234     32.357
  59         -9.0   0.0, 0.0      -9.0     26.273     29.125
  60         -9.0   0.0, 0.0      -9.0     13.883     25.859
  61         -9.0   0.0, 0.0      -9.0     38.391     42.539
  62         -9.0   0.0, 0.0      -9.0      8.824     17.741
  63         -9.0   0.0, 0.0      -9.0     28.733     35.321
  64         -8.9   0.0, 0.0      -8.9      9.370     19.068
  65         -8.9   0.0, 0.0      -8.9     10.508     20.483
  66         -8.9   0.0, 0.0      -8.9     10.045     19.559
  67         -8.9   0.0, 0.0      -8.9     32.230     37.173
  68         -8.9   0.0, 0.0      -8.9     31.572     39.577
  69         -8.9   0.0, 0.0      -8.9     28.348     31.980
  70         -8.8   0.0, 0.0      -8.8     30.411     36.769
  71         -8.8   0.0, 0.0      -8.8     10.549     19.678
  72         -8.8   0.0, 0.0      -8.8     35.676     40.308
  73         -8.8   0.0, 0.0      -8.8     28.406     31.321
  74         -8.8   0.0, 0.0      -8.8      9.277     20.152
  75         -8.7   0.0, 0.0      -8.7     28.322     31.403
  76         -8.7   0.0, 0.0      -8.7     35.337     40.318
  77         -8.7   0.0, 0.0      -8.7     30.471     38.563
  78         -8.7   0.0, 0.0      -8.7     30.750     34.754
  79         -8.7   0.0, 0.0      -8.7      9.257     18.477
  80         -8.6   0.0, 0.0      -8.6     28.803     31.979
  81         -8.6   0.0, 0.0      -8.6      9.616     20.701
  82         -8.6   0.0, 0.0      -8.6     10.519     19.685
  83         -8.6   0.0, 0.0      -8.6     28.393     32.005
  84         -8.6   0.0, 0.0      -8.6     33.609     37.050
  85         -8.6   0.0, 0.0      -8.6     12.405     20.718
  86         -8.5   0.0, 0.0      -8.5     28.976     32.004
  87         -8.5   0.0, 0.0      -8.5     10.711     22.270
  88         -8.5   0.0, 0.0      -8.5     28.011     31.530
  89         -8.5   0.0, 0.0      -8.5      8.253     17.520
  90         -8.5   0.0, 0.0      -8.5     10.158     19.974
  91         -8.4   0.0, 0.0      -8.4      8.590     16.657
  92         -8.4   0.0, 0.0      -8.4     27.402     30.770
  93         -8.3   0.0, 0.0      -8.3     30.754     35.737
  94         -8.3   0.0, 0.0      -8.3     28.864     32.466
  95         -8.2   0.0, 0.0      -8.2     11.880     20.133
  96         -8.2   0.0, 0.0      -8.2     20.614     30.379
  97         -8.1   3.6, 0.0      -11.6      1.999      2.769
  98         -8.1   0.0, 0.0      -8.1     10.017     18.751
  99         -8.1   0.0, 0.0      -8.1     11.879     20.228
 100         -8.0   0.0, 0.0      -8.0     11.225     17.455
Writing output ... done.
elapsed time: 1393.544s