#################################################################
#                       GlycoTorch-Vina Results                 #
#################################################################

WARNING: The search space volume > 27000 Angstrom^3 (See FAQ)
ligand.pdbqt
Output will be ligand_out.pdbqt
Detected 8 CPUs
Reading input ...
CHI energy penalties NOT applied to torsion in linkage b/w A00   1  and A00   2  | ??? (?1 - 4e) 4C1
CHI energy penalties applied to torsion in linkage b/w A00   2  and A00   3  | 4C1 (a1 - 4a) 1C4
CHI energy penalties applied to torsion in linkage b/w A00   3  and A00   4  | 1C4 (a1 - 4e) 4C1
done.
Setting up the scoring function ... done.
Analyzing the binding site ... done.
Using random seed: 134371040
Performing search ...
0%   10   20   30   40   50   60   70   80   90   100%
|----|----|----|----|----|----|----|----|----|----|
***************************************************
done.
Refining results ... done.

mode |   affinity |   chi,   |  affinity | dist from best mode
     | (kcal/mol) |   ffe    |  -chi -ff  | rmsd l.b.| rmsd u.b.
-----+------------+---------+--------------------+------------
   1          0.0   0.0, 0.0      0.0      0.000      0.000
   2          0.0   0.0, 0.0      0.0     95.942    100.933
   3          0.0   0.0, 0.0      0.0     60.494     65.492
   4          0.0   0.0, 0.0      0.0      8.850     12.884
   5          0.0   0.0, 0.0      0.0     54.668     59.011
   6          0.0   0.0, 0.0      0.0     91.998     96.490
   7          0.0   0.0, 0.0      0.0     67.774     73.174
   8          0.0   0.0, 0.0      0.0     70.307     75.707
   9          0.0   0.0, 0.0      0.0     99.900    105.414
  10          0.0   0.0, 0.0      0.0     84.572     88.508
  11          0.0   0.0, 0.0      0.0     54.900     59.570
  12          0.0   0.0, 0.0      0.0     96.414    100.215
  13          0.0   0.0, 0.0      0.0     81.648     85.689
  14          0.0   0.0, 0.0      0.0      3.168      7.716
  15          0.0   0.0, 0.0      0.0     38.085     42.871
  16          0.0   0.0, 0.0      0.0    125.181    130.621
  17          0.0   0.0, 0.0      0.0    101.516    105.976
  18          0.0   0.0, 0.0      0.0     89.366     93.108
  19          0.0   0.0, 0.0      0.0     84.987     89.776
  20          0.0   0.0, 0.0      0.0      6.496     11.449
  21          0.0   0.0, 0.0      0.0    106.982    111.502
  22          0.0   0.0, 0.0      0.0    100.623    104.745
  23          0.0   0.0, 0.0      0.0     31.925     37.155
  24          0.0   0.0, 0.0      0.0     32.172     38.246
  25          0.0   0.0, 0.0      0.0     32.019     38.032
  26          0.0   0.0, 0.0      0.0     70.908     74.877
  27          0.0   0.0, 0.0      0.0     73.468     78.261
  28          0.0   0.0, 0.0      0.0     23.021     29.672
  29          0.0   0.0, 0.0      0.0     94.388     99.991
  30          0.0   0.0, 0.0      0.0     89.092     92.791
  31          0.0   0.0, 0.0      0.0     90.144     94.743
  32          0.0   0.0, 0.0      0.0    106.124    110.883
  33          0.0   0.0, 0.0      0.0     89.860     94.318
  34          0.0   0.0, 0.0      0.0     86.480     92.938
  35          0.0   0.0, 0.0      0.0     21.097     27.011
  36          0.0   0.0, 0.0      0.0     90.454     95.545
  37          0.0   0.0, 0.0      0.0     83.663     89.365
  38          0.0   0.0, 0.0      0.0     30.732     36.112
  39          0.0   0.0, 0.0      0.0    119.186    124.311
  40          0.0   0.0, 0.0      0.0     90.937     94.597
  41          0.0   0.0, 0.0      0.0     86.681     91.434
  42          0.0   0.0, 0.0      0.0    124.708    129.932
  43          0.0   0.0, 0.0      0.0     92.269     96.506
  44          0.0   0.0, 0.0      0.0     91.964     96.440
  45          0.0   0.0, 0.0      0.0     25.169     30.160
  46          0.0   0.0, 0.0      0.0    106.398    111.156
  47          0.0   0.0, 0.0      0.0     67.712     72.317
  48          0.0   0.0, 0.0      0.0    120.085    126.100
  49          0.0   0.0, 0.0      0.0     25.007     30.537
  50          0.0   0.0, 0.0      0.0     84.298     89.081
  51          0.0   0.0, 0.0      0.0     39.566     44.529
  52          0.0   0.0, 0.0      0.0     91.352     95.880
  53          0.0   0.0, 0.0      0.0     31.452     36.748
  54          0.0   0.0, 0.0      0.0    105.093    109.496
  55          0.0   0.0, 0.0      0.0     44.620     50.003
  56          0.0   0.0, 0.0      0.0    112.152    116.679
  57          0.0   0.0, 0.0      0.0     97.237    102.270
  58          0.0   0.0, 0.0      0.0     50.298     54.093
  59          0.0   0.0, 0.0      0.0     91.435     96.039
  60          0.0   0.0, 0.0      0.0     96.351    100.725
  61          0.0   0.0, 0.0      0.0     99.748    103.923
  62          0.0   0.0, 0.0      0.0     96.105     99.960
  63          0.0   0.0, 0.0      0.0     51.390     55.260
  64          0.0   0.0, 0.0      0.0    103.507    107.982
  65          0.0   0.0, 0.0      0.0     61.805     66.066
  66          0.1   0.0, 0.0      0.1    115.749    120.094
  67          0.1   0.0, 0.0      0.1     91.606     96.410
  68          0.1   0.0, 0.0      0.1     52.642     56.132
  69          0.1   0.0, 0.0      0.1     66.346     70.072
  70          0.1   0.0, 0.0      0.1     66.211     69.946
  71          0.1   0.0, 0.0      0.1     92.465     97.162
  72          0.1   0.0, 0.0      0.1    107.469    112.149
  73          0.1   0.0, 0.0      0.1    104.708    109.439
  74          0.1   0.0, 0.0      0.1     91.951     95.618
  75          0.1   0.0, 0.0      0.1     79.038     84.800
  76          0.1   0.0, 0.0      0.1     60.085     64.060
  77          0.1   0.0, 0.0      0.1    105.431    110.139
  78          0.1   0.0, 0.0      0.1    104.708    109.150
  79          0.1   0.0, 0.0      0.1    103.442    107.940
  80          0.1   0.0, 0.0      0.1     98.266    102.082
  81          0.1   0.0, 0.0      0.1     79.623     83.659
  82          0.1   0.0, 0.0      0.1    103.294    107.809
  83          0.1   0.0, 0.0      0.1     98.790    102.723
  84          0.1   0.0, 0.0      0.1     51.394     54.786
  85          0.1   0.0, 0.0      0.1    131.937    135.697
  86          0.1   0.0, 0.0      0.1     88.742     92.437
  87          0.1   0.0, 0.0      0.1     89.074     92.783
  88          0.1   0.0, 0.0      0.1     80.323     84.322
  89          0.1   0.0, 0.0      0.1    136.658    140.781
  90          0.1   0.0, 0.0      0.1     80.991     84.951
  91          0.1   0.0, 0.0      0.1     66.265     69.652
  92          0.1   0.0, 0.0      0.1     91.035     94.694
  93          0.1   0.0, 0.0      0.1     18.308     23.831
  94          0.2   0.0, 0.0      0.2     99.458    103.105
  95          0.2   0.0, 0.0      0.2     86.297     90.591
  96          0.2   0.0, 0.0      0.2     49.214     52.939
  97          0.2   0.0, 0.0      0.2     91.663     95.105
  98          0.2   0.0, 0.0      0.2    131.604    135.336
  99          0.2   0.0, 0.0      0.2     16.631     21.569
 100          0.2   0.0, 0.0      0.2     98.891    103.826
Writing output ... done.
elapsed time: 1499.074s