#################################################################
#                       GlycoTorch-Vina Results                 #
#################################################################

WARNING: The search space volume > 27000 Angstrom^3 (See FAQ)
3kcg_ligand.pdbqt
Output will be 3kcg_ligand_out.pdbqt
Detected 8 CPUs
Reading input ...
CHI energy penalties applied to torsion in linkage b/w Z9H   1  and GU1   2  | 4C1 (a1 - 4e) 4C1
CHI energy penalties NOT applied to torsion in linkage b/w GU1   2  and GU6   3  | 4C1 (b1 - 4e) ???
CHI energy penalties NOT applied to torsion in linkage b/w GU6   3  and Z9K   4  | ??? (a1 - 4a) 2SO
CHI energy penalties applied to torsion in linkage b/w Z9K   4  and Z9L   5  | 2SO (?1 - 4e) 4C1
done.
Setting up the scoring function ... done.
Analyzing the binding site ... done.
Using random seed: 1674580816
Performing search ...
0%   10   20   30   40   50   60   70   80   90   100%
|----|----|----|----|----|----|----|----|----|----|
***************************************************
done.
Refining results ... done.

mode |   affinity |   chi,   |  affinity | dist from best mode
     | (kcal/mol) |   ffe    |  -chi -ff  | rmsd l.b.| rmsd u.b.
-----+------------+---------+--------------------+------------
   1         -8.1   0.0, 0.0      -8.1      0.000      0.000
   2         -7.8   0.0, 0.0      -7.8      2.302      5.690
   3         -7.8   0.0, 0.0      -7.8      3.966      8.315
   4         -7.8   0.0, 0.0      -7.8      4.150      7.270
   5         -7.8   0.0, 0.0      -7.8     14.598     22.213
   6         -7.7   0.0, 0.0      -7.7     29.357     34.998
   7         -7.7   0.0, 0.0      -7.7      4.297     14.410
   8         -7.7   0.0, 0.0      -7.7      3.410      6.703
   9         -7.6   0.0, 0.0      -7.6     38.303     45.437
  10         -7.5   0.0, 0.0      -7.5      3.910      8.481
  11         -7.5   0.0, 0.0      -7.5     14.254     19.873
  12         -7.5   0.0, 0.0      -7.5     29.181     36.608
  13         -7.5   0.0, 0.0      -7.5     32.160     40.138
  14         -7.4   0.0, 0.0      -7.4      4.082      8.592
  15         -7.4   0.0, 0.0      -7.4     14.167     20.740
  16         -7.4   0.0, 0.0      -7.4      6.265     13.992
  17         -7.4   0.0, 0.0      -7.4      6.724     14.117
  18         -7.3   0.0, 0.0      -7.3     38.222     44.357
  19         -7.3   0.0, 0.0      -7.3     19.348     24.391
  20         -7.3   0.0, 0.0      -7.3      3.904      7.599
  21         -7.3   0.0, 0.0      -7.3     13.029     21.329
  22         -7.3   0.0, 0.0      -7.3      2.087      4.711
  23         -7.2   0.0, 0.0      -7.2     40.784     46.891
  24         -7.2   0.0, 0.0      -7.2      9.719     17.618
  25         -7.2   0.0, 0.0      -7.2      2.487     13.563
  26         -7.2   0.0, 0.0      -7.2     14.046     20.334
  27         -7.1   0.0, 0.0      -7.1      2.094      5.536
  28         -7.1   0.0, 0.0      -7.1      2.618     13.758
  29         -7.1   0.0, 0.0      -7.1      6.939     14.470
  30         -7.1   0.0, 0.0      -7.1     30.093     35.704
  31         -7.1   0.0, 0.0      -7.1     29.726     35.366
  32         -7.1   0.0, 0.0      -7.1     37.058     43.232
  33         -7.1   0.0, 0.0      -7.1     13.914     20.113
  34         -7.1   0.0, 0.0      -7.1     28.281     35.405
  35         -7.1   0.0, 0.0      -7.1     30.190     38.127
  36         -7.1   0.0, 0.0      -7.1     37.699     44.083
  37         -7.1   0.0, 0.0      -7.1      4.728     12.924
  38         -7.0   0.0, 0.0      -7.0     31.301     37.058
  39         -7.0   0.0, 0.0      -7.0     42.646     49.405
  40         -7.0   0.0, 0.0      -7.0      2.772      5.983
  41         -7.0   0.0, 0.0      -7.0     20.869     27.522
  42         -7.0   0.0, 0.0      -7.0     27.616     34.730
  43         -7.0   0.0, 0.0      -7.0      2.853     14.245
  44         -7.0   0.0, 0.0      -7.0     40.361     45.822
  45         -7.0   0.0, 0.0      -7.0     38.647     44.740
  46         -7.0   0.0, 0.0      -7.0      6.279     15.401
  47         -7.0   0.0, 0.0      -7.0     31.212     37.183
  48         -7.0   0.0, 0.0      -7.0      9.858     17.966
  49         -7.0   0.0, 0.0      -7.0     16.887     22.756
  50         -7.0   0.0, 0.0      -7.0      8.537     16.616
  51         -7.0   0.0, 0.0      -7.0     36.665     44.821
  52         -6.9   0.0, 0.0      -6.9     29.501     36.848
  53         -6.9   0.0, 0.0      -6.9     32.306     41.647
  54         -6.9   0.0, 0.0      -6.9     24.837     31.124
  55         -6.9   0.0, 0.0      -6.9     29.800     36.092
  56         -6.9   0.0, 0.0      -6.9     30.728     36.735
  57         -6.9   0.0, 0.0      -6.9      3.194     13.064
  58         -6.9   0.0, 0.0      -6.9     17.552     22.677
  59         -6.9   0.0, 0.0      -6.9      9.349     16.083
  60         -6.9   0.0, 0.0      -6.9      2.379     13.696
  61         -6.9   0.0, 0.0      -6.9     27.073     33.009
  62         -6.9   0.0, 0.0      -6.9     26.741     34.120
  63         -6.9   0.0, 0.0      -6.9     39.375     45.423
  64         -6.8   0.0, 0.0      -6.8      9.004     17.796
  65         -6.8   0.0, 0.0      -6.8     19.911     26.609
  66         -6.8   0.0, 0.0      -6.8     30.718     36.749
  67         -6.8   0.0, 0.0      -6.8      2.943     14.320
  68         -6.8   0.0, 0.0      -6.8     32.779     40.922
  69         -6.8   0.0, 0.0      -6.8      3.018     14.522
  70         -6.8   0.0, 0.0      -6.8     38.690     44.962
  71         -6.8   0.0, 0.0      -6.8     17.726     22.102
  72         -6.8   0.0, 0.0      -6.8     36.272     43.396
  73         -6.8   0.0, 0.0      -6.8     38.636     48.229
  74         -6.7   0.0, 0.0      -6.7     27.538     33.947
  75         -6.7   0.0, 0.0      -6.7     29.186     34.659
  76         -6.7   0.0, 0.0      -6.7     30.888     37.710
  77         -6.7   0.0, 0.0      -6.7      5.005      8.545
  78         -6.7   0.0, 0.0      -6.7     27.250     32.607
  79         -6.7   0.0, 0.0      -6.7     29.468     35.546
  80         -6.7   0.0, 0.0      -6.7     26.018     32.537
  81         -6.7   0.0, 0.0      -6.7     30.747     36.714
  82         -6.7   0.0, 0.0      -6.7      5.799     17.282
  83         -6.7   0.0, 0.0      -6.7      3.456     15.183
  84         -6.7   0.0, 0.0      -6.7     32.010     38.449
  85         -6.7   0.0, 0.0      -6.7     38.503     45.302
  86         -6.7   0.0, 0.0      -6.7      6.206     17.346
  87         -6.7   0.0, 0.0      -6.7     40.720     46.981
  88         -6.7   0.0, 0.0      -6.7     32.448     38.614
  89         -6.6   0.0, 0.0      -6.6     28.610     37.219
  90         -6.6   0.0, 0.0      -6.6     20.211     25.974
  91         -6.6   0.0, 0.0      -6.6     30.169     37.444
  92         -6.6   0.0, 0.0      -6.6     35.610     43.225
  93         -6.6   0.0, 0.0      -6.6      5.343     10.315
  94         -6.6   0.0, 0.0      -6.6     42.922     48.986
  95         -6.6   0.0, 0.0      -6.6      2.544     14.143
  96         -6.6   0.0, 0.0      -6.6     30.350     35.962
  97         -6.6   0.0, 0.0      -6.6     32.271     40.166
  98         -6.5   0.0, 0.0      -6.5     33.701     42.898
  99         -6.5   0.0, 0.0      -6.5     40.163     49.172
 100         -6.5   0.0, 0.0      -6.5     37.252     44.302
Writing output ... done.
elapsed time: 13355.963s