#################################################################
#                       GlycoTorch-Vina Results                 #
#################################################################

WARNING: The search space volume > 27000 Angstrom^3 (See FAQ)
ligand.pdbqt
Output will be ligand_out.pdbqt
Detected 8 CPUs
Reading input ...
CHI energy penalties NOT applied to torsion in linkage b/w A00   1  and A00   2  | ??? (?1 - 4e) 4C1
CHI energy penalties applied to torsion in linkage b/w A00   2  and A00   3  | 4C1 (a1 - 4a) 1C4
CHI energy penalties applied to torsion in linkage b/w A00   3  and A00   4  | 1C4 (a1 - 4e) 4C1
done.
Setting up the scoring function ... done.
Analyzing the binding site ... done.
Using random seed: -426819372
Performing search ...
0%   10   20   30   40   50   60   70   80   90   100%
|----|----|----|----|----|----|----|----|----|----|
***************************************************
done.
Refining results ... done.

mode |   affinity |   chi,   |  affinity | dist from best mode
     | (kcal/mol) |   ffe    |  -chi -ff  | rmsd l.b.| rmsd u.b.
-----+------------+---------+--------------------+------------
   1         -8.9   0.0, 0.0      -8.9      0.000      0.000
   2         -8.6   0.0, 0.0      -8.6     23.229     28.392
   3         -8.6   0.0, 0.0      -8.6      5.949     12.616
   4         -8.2   0.0, 0.0      -8.2     18.481     23.118
   5         -8.1   0.0, 0.0      -8.1      7.995     14.462
   6         -8.1   0.0, 0.0      -8.1     23.202     28.468
   7         -7.9   0.0, 0.0      -7.9     28.317     33.540
   8         -7.7   0.0, 0.0      -7.7      8.843     12.344
   9         -7.6   0.0, 0.0      -7.6     49.124     54.277
  10         -7.5   0.0, 0.0      -7.5     28.418     33.911
  11         -7.5   0.0, 0.0      -7.5      5.118     10.362
  12         -7.4   0.0, 0.0      -7.4     11.961     16.810
  13         -7.3   0.0, 0.0      -7.3     33.154     37.712
  14         -7.2   0.0, 0.0      -7.2     28.107     32.711
  15         -7.2   0.0, 0.0      -7.2     32.644     37.159
  16         -7.1   0.0, 0.0      -7.1      9.596     15.590
  17         -7.1   0.0, 0.0      -7.1     28.811     33.806
  18         -7.0   0.0, 0.0      -7.0     50.658     55.131
  19         -7.0   0.0, 0.0      -7.0     23.943     28.965
  20         -7.0   0.0, 0.0      -7.0      9.849     16.837
  21         -7.0   0.0, 0.0      -7.0     12.038     16.741
  22         -6.9   0.0, 0.0      -6.9     23.463     28.165
  23         -6.9   0.0, 0.0      -6.9     27.159     31.503
  24         -6.8   0.0, 0.0      -6.8      8.641     14.382
  25         -6.8   0.0, 0.0      -6.8      3.799     11.920
  26         -6.8   0.0, 0.0      -6.8     27.092     31.911
  27         -6.7   0.0, 0.0      -6.7      6.783     13.564
  28         -6.7   0.0, 0.0      -6.7      4.004     11.910
  29         -6.7   0.0, 0.0      -6.7     33.994     38.857
  30         -6.5   0.0, 0.0      -6.5     28.431     33.512
  31         -6.5   0.0, 0.0      -6.5     33.203     37.958
  32         -6.5   0.0, 0.0      -6.5     30.507     35.284
  33         -6.5   0.0, 0.0      -6.5     20.107     26.435
  34         -6.5   0.0, 0.0      -6.5     26.825     30.908
  35         -6.5   0.0, 0.0      -6.5     15.960     20.356
  36         -6.4   0.0, 0.0      -6.4     26.623     30.784
  37         -6.4   0.0, 0.0      -6.4     30.218     35.020
  38         -6.3   0.0, 0.0      -6.3     26.914     31.848
  39         -6.3   0.0, 0.0      -6.3     27.654     32.091
  40         -6.3   0.0, 0.0      -6.3      7.760     14.047
  41         -6.3   0.0, 0.0      -6.3     19.778     25.968
  42         -6.2   0.0, 0.0      -6.2     13.068     18.385
  43         -6.1   0.0, 0.0      -6.1     16.125     20.744
  44         -6.1   0.0, 0.0      -6.1      9.742     16.401
  45         -6.1   0.0, 0.0      -6.1     27.938     32.184
  46         -6.1   0.0, 0.0      -6.1     28.553     33.641
  47         -6.1   0.0, 0.0      -6.1     16.743     21.825
  48         -6.1   0.0, 0.0      -6.1     25.557     30.363
  49         -6.0   0.0, 0.0      -6.0     11.488     16.797
  50         -6.0   0.0, 0.0      -6.0     10.889     15.925
  51         -5.9   0.0, 0.0      -5.9     31.339     36.015
  52         -5.8   0.0, 0.0      -5.8     30.822     35.411
  53         -5.8   0.0, 0.0      -5.8     24.858     30.044
  54         -5.8   0.0, 0.0      -5.8      9.943     16.604
  55         -5.7   0.0, 0.0      -5.7     27.015     31.160
  56         -5.7   0.0, 0.0      -5.7     30.209     34.509
  57         -5.6   0.0, 0.0      -5.6     21.315     25.459
  58         -5.6   0.0, 0.0      -5.6     20.904     27.098
  59         -5.5   0.0, 0.0      -5.5     23.057     28.036
  60         -5.5   0.0, 0.0      -5.5     13.598     18.715
  61         -5.5   0.0, 0.0      -5.5     20.962     26.510
  62         -5.5   0.0, 0.0      -5.5     12.397     17.108
  63         -5.4   0.0, 0.0      -5.4     21.598     27.981
  64         -5.4   0.0, 0.0      -5.4     21.791     25.703
  65         -5.3   0.0, 0.0      -5.3     27.236     31.080
  66         -5.2   0.0, 0.0      -5.2     27.578     32.704
  67         -5.2   0.0, 0.0      -5.2     28.119     33.009
  68         -5.2   0.0, 0.0      -5.2     12.063     17.820
  69         -5.2   0.0, 0.0      -5.2     21.660     26.020
  70         -5.2   0.0, 0.0      -5.2     13.931     19.292
  71         -5.1   0.0, 0.0      -5.1     21.205     25.750
  72         -5.1   0.0, 0.0      -5.1      9.463     16.761
  73         -5.1   0.0, 0.0      -5.1     28.458     33.250
  74         -5.1   0.0, 0.0      -5.1     52.055     56.009
  75         -4.9   0.0, 0.0      -4.9     38.534     42.822
  76         -4.9   0.0, 0.0      -4.9     21.228     27.118
  77         -4.8   0.0, 0.0      -4.8     22.202     28.116
  78         -4.8   0.0, 0.0      -4.8      8.473     15.381
  79         -4.8   0.0, 0.0      -4.8     38.765     43.058
  80         -4.8   0.0, 0.0      -4.8     26.250     31.306
  81         -4.7   0.0, 0.0      -4.7     15.002     19.767
  82         -4.7   0.0, 0.0      -4.7     22.840     29.671
  83         -4.7   0.0, 0.0      -4.7     31.112     35.421
  84         -4.7   0.0, 0.0      -4.7     38.647     43.100
  85         -4.6   0.0, 0.0      -4.6     20.659     26.398
  86         -4.5   0.0, 0.0      -4.5     30.895     35.127
  87         -4.5   0.0, 0.0      -4.5      9.089     16.186
  88         -4.5   0.0, 0.0      -4.5     21.495     25.518
  89         -4.4   0.0, 0.0      -4.4     19.023     25.738
  90         -4.4   0.0, 0.0      -4.4     38.921     43.325
  91         -4.4   0.0, 0.0      -4.4     21.598     27.976
  92         -4.4   0.0, 0.0      -4.4     28.146     33.153
  93         -4.3   0.0, 0.0      -4.3     30.946     35.538
  94         -4.3   0.0, 0.0      -4.3     22.246     29.074
  95         -4.3   0.0, 0.0      -4.3     22.230     28.951
  96         -4.3   0.0, 0.0      -4.3     21.539     27.907
  97         -4.3   0.0, 0.0      -4.3     23.185     27.461
  98         -4.2   0.0, 0.0      -4.2     30.168     34.513
  99         -4.2   0.0, 0.0      -4.2     20.837     27.600
 100         -3.2   2.9, 0.0      -6.1     13.239     17.917
Writing output ... done.
elapsed time: 1744.475s