#################################################################
#                       GlycoTorch-Vina Results                 #
#################################################################

WARNING: The search space volume > 27000 Angstrom^3 (See FAQ)
3ina_ligand.pdbqt
Output will be 3ina_ligand_out.pdbqt
Detected 8 CPUs
Reading input ...
CHI energy penalties NOT applied to torsion in linkage b/w SGN   1  and IDS   2  | 4C1 (?1 - 4a) 2SO
CHI energy penalties applied to torsion in linkage b/w IDS   2  and SUS   3  | 2SO (?1 - 4e) 4C1
CHI energy penalties applied to torsion in linkage b/w SUS   3  and IDS   4  | 4C1 (a1 - 4a) 1C4
CHI energy penalties applied to torsion in linkage b/w IDS   4  and SGN   5  | 1C4 (a1 - 4e) 4C1
CHI energy penalties applied to torsion in linkage b/w SGN   5  and IDS   6  | 4C1 (a1 - 4a) 1C4
CHI energy penalties applied to torsion in linkage b/w IDS   6  and SGN   7  | 1C4 (a1 - 4e) 4C1
CHI energy penalties NOT applied to torsion in linkage b/w SGN   7  and IDS   8  | 4C1 (?1 - 4a) 1C4
done.
Setting up the scoring function ... done.
Analyzing the binding site ... done.
Using random seed: -1322459720
Performing search ...
0%   10   20   30   40   50   60   70   80   90   100%
|----|----|----|----|----|----|----|----|----|----|
***************************************************
done.
Refining results ... done.

mode |   affinity |   chi,   |  affinity | dist from best mode
     | (kcal/mol) |   ffe    |  -chi -ff  | rmsd l.b.| rmsd u.b.
-----+------------+---------+--------------------+------------
   1        -10.6   0.0, 0.0      -10.6      0.000      0.000
   2        -10.0   0.0, 0.0      -10.0      1.653      2.211
   3         -9.9   0.0, 0.0      -9.9      7.829     12.751
   4         -9.7   0.0, 0.0      -9.7      9.545     17.688
   5         -9.6   0.0, 0.0      -9.6      8.185     12.213
   6         -9.4   0.0, 0.0      -9.4      8.267     12.383
   7         -9.3   0.0, 0.0      -9.3      8.174     12.481
   8         -9.3   0.0, 0.0      -9.3      8.285     12.327
   9         -8.9   2.9, 0.0      -11.9      2.185      4.008
  10         -8.8   0.0, 0.0      -8.8      9.054     12.331
  11         -8.8   0.0, 0.0      -8.8      8.634     12.793
  12         -8.7   0.0, 0.0      -8.7      8.247     12.387
  13         -8.7   0.0, 0.0      -8.7      8.394     11.846
  14         -8.6   0.0, 0.0      -8.6      8.569     11.918
  15         -8.5   0.0, 0.0      -8.5      9.164     13.318
  16         -8.5   0.0, 0.0      -8.5      8.180     12.736
  17         -8.1   0.0, 0.0      -8.1      8.750     11.916
  18         -8.1   0.0, 0.0      -8.1      9.279     13.162
  19         -8.1   0.0, 0.0      -8.1      9.528     13.281
  20         -8.0   3.9, 0.0      -11.9      6.574     12.356
  21         -7.8   4.0, 0.0      -11.8      3.802      7.325
  22         -7.7   0.0, 0.0      -7.7     11.610     16.766
  23         -7.7   0.0, 0.0      -7.7     11.018     21.526
  24         -7.6   0.0, 0.0      -7.6      8.331     12.101
  25         -7.4   0.0, 0.0      -7.4     39.961     45.521
  26         -7.3   0.0, 0.0      -7.3      9.032     13.632
  27         -7.2   0.0, 0.0      -7.2     11.209     21.567
  28         -7.1   0.0, 0.0      -7.1     14.771     23.360
  29         -7.1   0.0, 0.0      -7.1     10.979     15.563
  30         -7.1   0.0, 0.0      -7.1     10.962     21.736
  31         -7.1   0.0, 0.0      -7.1     34.290     44.368
  32         -7.1   0.0, 0.0      -7.1     37.931     44.545
  33         -6.9   0.0, 0.0      -6.9      9.397     13.409
  34         -6.9   0.0, 0.0      -6.9     38.725     45.977
  35         -6.8   0.0, 0.0      -6.8      9.915     20.871
  36         -6.8   0.0, 0.0      -6.8     14.966     24.360
  37         -6.7   0.0, 0.0      -6.7     15.417     24.453
  38         -6.7   0.0, 0.0      -6.7     11.769     22.364
  39         -6.7   4.1, 0.0      -10.8      3.807      7.921
  40         -6.7   0.0, 0.0      -6.7     14.814     24.196
  41         -6.7   0.0, 0.0      -6.7      9.520     14.908
  42         -6.6   0.0, 0.0      -6.6     15.285     24.749
  43         -6.6   0.0, 0.0      -6.6     15.523     24.723
  44         -6.6   0.0, 0.0      -6.6     10.420     13.911
  45         -6.6   0.0, 0.0      -6.6     10.931     13.951
  46         -6.5   0.0, 0.0      -6.5     40.185     44.877
  47         -6.5   0.0, 0.0      -6.5     40.337     46.195
  48         -6.5   0.0, 0.0      -6.5     38.802     44.222
  49         -6.5   0.0, 0.0      -6.5     11.142     14.513
  50         -6.4   0.0, 0.0      -6.4     39.439     44.208
  51         -6.4   0.0, 0.0      -6.4     15.807     25.426
  52         -6.4   0.0, 0.0      -6.4     40.086     46.481
  53         -6.3   0.0, 0.0      -6.3     37.892     43.712
  54         -6.3   0.0, 0.0      -6.3     15.704     25.334
  55         -6.3   0.0, 0.0      -6.3     15.601     24.953
  56         -6.2   0.0, 0.0      -6.2     10.402     13.370
  57         -6.1   0.0, 0.0      -6.1     14.806     25.766
  58         -6.1   0.0, 0.0      -6.1     16.626     27.396
  59         -6.1   0.0, 0.0      -6.1     12.995     25.370
  60         -6.0   0.0, 0.0      -6.0     16.756     22.036
  61         -6.0   0.0, 0.0      -6.0     16.419     21.975
  62         -6.0   0.0, 0.0      -6.0     17.092     22.765
  63         -6.0   0.0, 0.0      -6.0     10.673     13.809
  64         -6.0   0.0, 0.0      -6.0     13.300     23.899
  65         -5.9   0.0, 0.0      -5.9     15.806     21.993
  66         -5.9   3.6, 0.0      -9.5      8.037     19.813
  67         -5.9   0.0, 0.0      -5.9     14.477     25.197
  68         -5.8   0.0, 0.0      -5.8     16.347     22.564
  69         -5.8   0.0, 0.0      -5.8     15.428     22.415
  70         -5.7   0.0, 0.0      -5.7     38.600     44.586
  71         -5.7   0.0, 0.0      -5.7     17.156     25.123
  72         -5.7   0.0, 0.0      -5.7     14.967     22.045
  73         -5.6   0.0, 0.0      -5.6     16.245     23.058
  74         -5.5   0.0, 0.0      -5.5     16.537     21.661
  75         -5.4   0.0, 0.0      -5.4     38.649     44.731
  76         -5.4   0.0, 0.0      -5.4     12.365     24.198
  77         -5.3   0.0, 0.0      -5.3     11.316     14.459
  78         -5.3   0.0, 0.0      -5.3     15.554     21.983
  79         -5.3   0.0, 0.0      -5.3     16.246     20.908
  80         -5.2   0.0, 0.0      -5.2     13.361     25.830
  81         -5.1   0.0, 0.0      -5.1     16.848     27.175
  82         -5.1   0.0, 0.0      -5.1     16.880     25.633
  83         -5.1   0.0, 0.0      -5.1     41.055     47.807
  84         -5.1   0.0, 0.0      -5.1     17.611     21.976
  85         -5.1   0.0, 0.0      -5.1     16.263     19.850
  86         -5.1   0.0, 0.0      -5.1     17.079     27.176
  87         -5.1   0.0, 0.0      -5.1     12.967     25.251
  88         -5.0   0.0, 0.0      -5.0     16.050     20.511
  89         -4.5   4.3, 0.0      -8.8      8.901     19.102
  90         -4.3   2.2, 0.0      -6.5     14.779     22.882
  91         -3.9   3.6, 0.0      -7.5      9.604     15.890
  92         -3.8   5.7, 0.0      -9.5      8.350     19.829
  93         -3.8   3.6, 0.0      -7.4      9.775     15.215
  94         -3.5   2.9, 0.0      -6.4     11.519     15.383
  95         -3.5   4.8, 0.0      -8.3      9.055     15.057
  96         -3.1   3.6, 0.0      -6.7     10.920     17.279
  97         -3.0   3.8, 0.0      -6.9     12.575     23.222
  98         -2.7   4.1, 0.0      -6.9     15.824     22.763
  99         -2.4   4.4, 0.0      -6.9     40.682     45.434
 100         -1.6   6.4, 0.0      -8.0      9.510     18.306
Writing output ... done.
elapsed time: 14038.291s