#################################################################
#                       GlycoTorch-Vina Results                 #
#################################################################

WARNING: The search space volume > 27000 Angstrom^3 (See FAQ)
3x2p_ligand.pdbqt
Output will be 3x2p_ligand_out.pdbqt
Detected 8 CPUs
Reading input ...
CHI energy penalties applied to torsion in linkage b/w BGC   1  and BGC   2  | 4C1 (b1 - 4e) 4C1
CHI energy penalties applied to torsion in linkage b/w BGC   2  and BGC   3  | 4C1 (b1 - 4e) 4C1
CHI energy penalties applied to torsion in linkage b/w BGC   3  and BGC   4  | 4C1 (b1 - 4e) 4C1
CHI energy penalties applied to torsion in linkage b/w BGC   4  and BGC   5  | 4C1 (b1 - 4e) 4C1
done.
Setting up the scoring function ... done.
Analyzing the binding site ... done.
Using random seed: 1650576256
Performing search ...
0%   10   20   30   40   50   60   70   80   90   100%
|----|----|----|----|----|----|----|----|----|----|
***************************************************
done.
Refining results ... done.

mode |   affinity |   chi,   |  affinity | dist from best mode
     | (kcal/mol) |   ffe    |  -chi -ff  | rmsd l.b.| rmsd u.b.
-----+------------+---------+--------------------+------------
   1        -10.7   0.0, 0.0      -10.7      0.000      0.000
   2        -10.0   0.0, 0.0      -10.0      2.049      6.172
   3        -10.0   0.0, 0.0      -10.0      2.045      6.024
   4         -9.7   0.0, 0.0      -9.7      5.634     11.382
   5         -9.5   0.0, 0.0      -9.5      4.849     10.726
   6         -9.2   0.0, 0.0      -9.2      2.215     15.397
   7         -9.2   0.0, 0.0      -9.2      3.099     15.924
   8         -9.2   0.0, 0.0      -9.2      8.029     16.039
   9         -9.1   0.0, 0.0      -9.1      2.712      6.634
  10         -8.9   0.0, 0.0      -8.9      8.674     21.999
  11         -8.9   0.0, 0.0      -8.9      4.506     17.817
  12         -8.9   0.0, 0.0      -8.9      2.216     14.656
  13         -8.8   0.0, 0.0      -8.8      1.708     14.707
  14         -8.8   0.0, 0.0      -8.8      1.888     14.914
  15         -8.8   0.0, 0.0      -8.8      4.990     10.919
  16         -8.7   0.0, 0.0      -8.7      8.848     22.268
  17         -8.7   0.0, 0.0      -8.7      2.300      6.514
  18         -8.7   0.0, 0.0      -8.7      2.478     15.144
  19         -8.5   0.0, 0.0      -8.5      2.348     15.491
  20         -8.5   0.0, 0.0      -8.5      9.290     17.691
  21         -8.5   0.0, 0.0      -8.5      2.963     15.473
  22         -8.4   0.0, 0.0      -8.4      4.591     10.132
  23         -8.4   0.0, 0.0      -8.4      6.928     20.250
  24         -8.4   0.0, 0.0      -8.4      7.043     14.090
  25         -8.4   0.0, 0.0      -8.4      2.117      4.482
  26         -8.3   0.0, 0.0      -8.3      5.523     10.406
  27         -8.3   0.0, 0.0      -8.3      3.094      6.444
  28         -8.3   0.0, 0.0      -8.3      2.128     14.902
  29         -8.2   0.0, 0.0      -8.2      2.263     15.200
  30         -8.2   0.0, 0.0      -8.2      4.395      9.632
  31         -8.2   0.0, 0.0      -8.2      4.951     10.593
  32         -8.1   0.0, 0.0      -8.1      5.952     12.684
  33         -8.1   0.0, 0.0      -8.1      7.281     14.637
  34         -8.1   0.0, 0.0      -8.1      4.950     18.331
  35         -8.0   0.0, 0.0      -8.0      5.850     19.203
  36         -7.9   0.0, 0.0      -7.9      3.218     15.731
  37         -7.9   0.0, 0.0      -7.9      4.138      9.044
  38         -7.9   0.0, 0.0      -7.9      5.690     18.372
  39         -7.8   0.0, 0.0      -7.8      3.336      8.278
  40         -7.7   0.0, 0.0      -7.7      5.067     17.984
  41         -7.7   0.0, 0.0      -7.7      4.391     17.467
  42         -7.6   0.0, 0.0      -7.6      2.601      3.096
  43         -7.6   0.0, 0.0      -7.6      8.068     21.504
  44         -7.6   0.0, 0.0      -7.6      2.449     14.903
  45         -7.6   0.0, 0.0      -7.6      9.064     17.027
  46         -7.6   0.0, 0.0      -7.6      3.298     16.362
  47         -7.6   0.0, 0.0      -7.6      2.537     15.475
  48         -7.6   0.0, 0.0      -7.6      2.484      3.969
  49         -7.5   0.0, 0.0      -7.5      6.267     17.796
  50         -7.5   0.0, 0.0      -7.5      6.112     12.106
  51         -7.5   0.0, 0.0      -7.5      2.430     14.686
  52         -7.5   0.0, 0.0      -7.5      3.241     16.110
  53         -7.4   0.0, 0.0      -7.4      7.297     20.828
  54         -7.4   0.0, 0.0      -7.4      5.874     11.855
  55         -7.4   0.0, 0.0      -7.4      4.561     10.048
  56         -7.4   0.0, 0.0      -7.4      2.429     15.249
  57         -7.4   0.0, 0.0      -7.4     11.587     20.533
  58         -7.4   0.0, 0.0      -7.4      7.141     20.498
  59         -7.3   0.0, 0.0      -7.3     22.461     26.017
  60         -7.3   0.0, 0.0      -7.3      2.119      3.767
  61         -7.3   0.0, 0.0      -7.3      4.035      7.454
  62         -7.3   0.0, 0.0      -7.3     20.391     21.882
  63         -7.3   0.0, 0.0      -7.3      5.243     11.128
  64         -7.3   0.0, 0.0      -7.3     10.936     23.760
  65         -7.3   0.0, 0.0      -7.3      6.091     11.925
  66         -7.3   0.0, 0.0      -7.3      2.746     15.211
  67         -7.2   0.0, 0.0      -7.2      4.783      7.443
  68         -7.2   0.0, 0.0      -7.2      9.822     23.165
  69         -7.2   0.0, 0.0      -7.2      5.652     17.721
  70         -7.2   0.0, 0.0      -7.2      3.621      8.609
  71         -7.2   0.0, 0.0      -7.2      3.114     14.621
  72         -7.1   0.0, 0.0      -7.1      7.385     14.722
  73         -7.1   0.0, 0.0      -7.1      9.355     23.023
  74         -7.1   0.0, 0.0      -7.1      3.061     14.999
  75         -7.1   0.0, 0.0      -7.1      6.686     19.941
  76         -7.1   0.0, 0.0      -7.1      7.680     21.274
  77         -7.1   0.0, 0.0      -7.1      9.143     21.771
  78         -7.1   0.0, 0.0      -7.1     21.987     27.487
  79         -7.1   0.0, 0.0      -7.1     11.446     20.042
  80         -7.0   0.0, 0.0      -7.0      9.296     21.068
  81         -7.0   0.0, 0.0      -7.0      6.733     19.968
  82         -7.0   0.0, 0.0      -7.0     22.467     25.909
  83         -7.0   0.0, 0.0      -7.0     14.687     22.514
  84         -6.9   0.0, 0.0      -6.9      2.758     15.089
  85         -6.9   0.0, 0.0      -6.9      5.727     17.787
  86         -6.9   0.0, 0.0      -6.9      5.785     10.265
  87         -6.9   0.0, 0.0      -6.9     22.570     24.919
  88         -6.9   0.0, 0.0      -6.9      2.678     14.714
  89         -6.8   0.0, 0.0      -6.8     23.849     28.733
  90         -6.8   0.0, 0.0      -6.8      2.362      5.416
  91         -6.8   0.0, 0.0      -6.8     21.319     23.777
  92         -6.8   0.0, 0.0      -6.8     10.752     18.325
  93         -6.8   0.0, 0.0      -6.8      5.490     16.201
  94         -6.8   0.0, 0.0      -6.8      2.771     14.635
  95         -6.8   0.0, 0.0      -6.8     21.464     26.880
  96         -6.8   0.0, 0.0      -6.8     14.526     20.751
  97         -6.7   0.0, 0.0      -6.7     20.801     26.455
  98         -6.7   0.0, 0.0      -6.7      5.001     10.801
  99         -6.7   0.0, 0.0      -6.7     20.594     25.550
 100         -6.6   0.0, 0.0      -6.6     18.502     22.230
Writing output ... done.
elapsed time: 3893.400s