#################################################################
#                       GlycoTorch-Vina Results                 #
#################################################################

WARNING: The search space volume > 27000 Angstrom^3 (See FAQ)
1fcv_ligand.pdbqt
Output will be 1fcv_ligand_out.pdbqt
Detected 8 CPUs
Reading input ...
CHI energy penalties applied to torsion in linkage b/w GCU   1  and NAG   2  | 4C1 (b1 - 3e) 4C1
CHI energy penalties applied to torsion in linkage b/w NAG   2  and GCU   3  | 4C1 (b1 - 4e) 4C1
CHI energy penalties NOT applied to torsion in linkage b/w GCU   3  and NAG   4  | 4C1 (b1 - 3e) ???
done.
Setting up the scoring function ... done.
Analyzing the binding site ... done.
Using random seed: 1384404180
Performing search ...
0%   10   20   30   40   50   60   70   80   90   100%
|----|----|----|----|----|----|----|----|----|----|
***************************************************
done.
Refining results ... done.

mode |   affinity |   chi,   |  affinity | dist from best mode
     | (kcal/mol) |   ffe    |  -chi -ff  | rmsd l.b.| rmsd u.b.
-----+------------+---------+--------------------+------------
   1         -9.5   0.0, 0.0      -9.5      0.000      0.000
   2         -9.2   0.0, 0.0      -9.2      9.507     13.453
   3         -9.0   0.0, 0.0      -9.0     10.094     14.842
   4         -9.0   0.0, 0.0      -9.0      5.695     16.193
   5         -8.9   0.0, 0.0      -8.9      3.073     11.481
   6         -8.8   0.0, 0.0      -8.8      7.176     17.285
   7         -8.8   0.0, 0.0      -8.8     11.099     17.782
   8         -8.8   0.0, 0.0      -8.8      9.784     13.678
   9         -8.8   0.0, 0.0      -8.8      3.468     13.207
  10         -8.7   0.0, 0.0      -8.7      3.070     13.104
  11         -8.7   0.0, 0.0      -8.7     10.923     17.554
  12         -8.7   0.0, 0.0      -8.7     10.224     13.790
  13         -8.7   0.0, 0.0      -8.7     29.436     33.045
  14         -8.6   0.0, 0.0      -8.6      9.866     13.609
  15         -8.6   0.0, 0.0      -8.6     23.750     29.369
  16         -8.6   0.0, 0.0      -8.6     29.299     32.978
  17         -8.6   0.0, 0.0      -8.6      1.706      2.058
  18         -8.5   0.0, 0.0      -8.5      3.318      6.605
  19         -8.5   0.0, 0.0      -8.5     12.995     17.370
  20         -8.4   0.0, 0.0      -8.4     15.053     21.301
  21         -8.4   0.0, 0.0      -8.4      3.480      5.352
  22         -8.4   0.0, 0.0      -8.4      4.702      7.760
  23         -8.4   0.0, 0.0      -8.4     14.266     18.947
  24         -8.4   0.0, 0.0      -8.4     17.269     21.726
  25         -8.4   0.0, 0.0      -8.4     10.296     13.317
  26         -8.4   0.0, 0.0      -8.4      2.675     11.484
  27         -8.4   0.0, 0.0      -8.4     10.039     15.515
  28         -8.3   0.0, 0.0      -8.3      1.893      2.678
  29         -8.3   0.0, 0.0      -8.3      9.878     15.253
  30         -8.3   0.0, 0.0      -8.3     16.019     21.388
  31         -8.3   0.0, 0.0      -8.3     26.957     29.808
  32         -8.2   0.0, 0.0      -8.2      9.832     13.026
  33         -8.2   0.0, 0.0      -8.2      9.925     13.635
  34         -8.2   0.0, 0.0      -8.2      6.919     17.244
  35         -8.2   0.0, 0.0      -8.2      3.823      6.429
  36         -8.2   0.0, 0.0      -8.2     11.020     16.709
  37         -8.1   0.0, 0.0      -8.1      5.344      7.412
  38         -8.1   0.0, 0.0      -8.1      9.358     17.746
  39         -8.1   0.0, 0.0      -8.1      8.722     14.076
  40         -8.1   0.0, 0.0      -8.1      3.875      6.852
  41         -8.1   0.0, 0.0      -8.1     17.407     22.022
  42         -8.1   0.0, 0.0      -8.1      7.312     16.681
  43         -8.1   0.0, 0.0      -8.1      7.980     12.768
  44         -8.1   0.0, 0.0      -8.1     17.130     22.364
  45         -8.0   0.0, 0.0      -8.0     22.790     25.740
  46         -8.0   0.0, 0.0      -8.0      3.352     11.120
  47         -8.0   0.0, 0.0      -8.0     11.777     15.250
  48         -8.0   0.0, 0.0      -8.0      7.820     13.609
  49         -8.0   0.0, 0.0      -8.0      2.315     11.601
  50         -7.9   0.0, 0.0      -7.9     10.346     19.548
  51         -7.9   0.0, 0.0      -7.9     14.418     20.841
  52         -7.9   0.0, 0.0      -7.9      4.155      7.375
  53         -7.9   0.0, 0.0      -7.9      5.253     10.179
  54         -7.9   0.0, 0.0      -7.9     17.428     22.109
  55         -7.8   0.0, 0.0      -7.8     23.226     26.204
  56         -7.8   0.0, 0.0      -7.8      5.366     10.413
  57         -7.8   0.0, 0.0      -7.8      5.030      8.388
  58         -7.8   0.0, 0.0      -7.8     29.809     33.900
  59         -7.8   0.0, 0.0      -7.8     13.454     16.397
  60         -7.8   0.0, 0.0      -7.8      8.030     13.182
  61         -7.8   0.0, 0.0      -7.8     26.936     30.148
  62         -7.8   0.0, 0.0      -7.8      4.356      6.907
  63         -7.8   0.0, 0.0      -7.8     23.773     27.140
  64         -7.8   0.0, 0.0      -7.8      8.257     12.025
  65         -7.8   0.0, 0.0      -7.8      4.908     11.399
  66         -7.7   0.0, 0.0      -7.7      3.741     11.384
  67         -7.7   0.0, 0.0      -7.7      2.756      5.218
  68         -7.7   0.0, 0.0      -7.7      7.579     12.586
  69         -7.7   0.0, 0.0      -7.7      5.199     11.664
  70         -7.7   0.0, 0.0      -7.7      8.958     13.601
  71         -7.7   0.0, 0.0      -7.7      9.577     13.400
  72         -7.7   0.0, 0.0      -7.7      6.862      8.943
  73         -7.7   0.0, 0.0      -7.7      6.947     11.900
  74         -7.7   0.0, 0.0      -7.7     30.017     33.551
  75         -7.6   0.0, 0.0      -7.6     13.751     18.400
  76         -7.6   0.0, 0.0      -7.6      6.662     16.692
  77         -7.6   0.0, 0.0      -7.6     12.947     18.063
  78         -7.6   0.0, 0.0      -7.6     24.082     28.915
  79         -7.6   0.0, 0.0      -7.6      6.276     10.690
  80         -7.6   0.0, 0.0      -7.6     13.433     15.852
  81         -7.6   0.0, 0.0      -7.6     20.430     25.814
  82         -7.6   0.0, 0.0      -7.6     11.157     16.260
  83         -7.5   0.0, 0.0      -7.5      8.232     18.490
  84         -7.5   0.0, 0.0      -7.5     10.346     15.695
  85         -7.5   0.0, 0.0      -7.5     22.775     28.043
  86         -7.5   0.0, 0.0      -7.5     12.542     17.769
  87         -7.5   0.0, 0.0      -7.5     15.094     21.003
  88         -7.5   0.0, 0.0      -7.5     29.428     33.243
  89         -7.5   0.0, 0.0      -7.5      7.120     17.381
  90         -7.5   0.0, 0.0      -7.5      9.861     13.973
  91         -7.5   0.0, 0.0      -7.5      6.956     12.195
  92         -7.5   0.0, 0.0      -7.5      6.434     16.425
  93         -7.5   0.0, 0.0      -7.5      8.202     12.557
  94         -7.5   0.0, 0.0      -7.5      4.490     12.277
  95         -7.4   0.0, 0.0      -7.4      5.027     11.834
  96         -7.4   0.0, 0.0      -7.4      6.195     10.444
  97         -7.4   0.0, 0.0      -7.4      4.038     11.609
  98         -7.4   0.0, 0.0      -7.4      5.129      8.033
  99         -7.4   0.0, 0.0      -7.4      5.827      9.040
 100         -7.3   0.0, 0.0      -7.3     30.677     33.476
Writing output ... done.
elapsed time: 2929.187s