#################################################################
#                       GlycoTorch-Vina Results                 #
#################################################################

WARNING: The search space volume > 27000 Angstrom^3 (See FAQ)
ligand.pdbqt
Output will be ligand_out.pdbqt
Detected 8 CPUs
Reading input ...
CHI energy penalties NOT applied to torsion in linkage b/w A00   1  and A00   2  | ??? (?1 - 4e) 4C1
CHI energy penalties applied to torsion in linkage b/w A00   2  and A00   3  | 4C1 (a1 - 4a) 1C4
CHI energy penalties applied to torsion in linkage b/w A00   3  and A00   4  | 1C4 (a1 - 4e) 4C1
done.
Setting up the scoring function ... done.
Analyzing the binding site ... done.
Using random seed: -335854604
Performing search ...
0%   10   20   30   40   50   60   70   80   90   100%
|----|----|----|----|----|----|----|----|----|----|
***************************************************
done.
Refining results ... done.

mode |   affinity |   chi,   |  affinity | dist from best mode
     | (kcal/mol) |   ffe    |  -chi -ff  | rmsd l.b.| rmsd u.b.
-----+------------+---------+--------------------+------------
   1         -6.3   0.0, 0.0      -6.3      0.000      0.000
   2         -6.1   0.0, 0.0      -6.1     16.122     20.857
   3         -6.0   0.0, 0.0      -6.0     41.178     46.512
   4         -6.0   0.0, 0.0      -6.0     23.078     25.938
   5         -6.0   0.0, 0.0      -6.0     22.482     26.115
   6         -5.9   0.0, 0.0      -5.9     41.317     46.937
   7         -5.8   0.0, 0.0      -5.8      5.686     12.103
   8         -5.7   0.0, 0.0      -5.7     23.340     27.294
   9         -5.7   0.0, 0.0      -5.7      1.702      2.705
  10         -5.4   0.0, 0.0      -5.4     16.414     21.285
  11         -5.4   0.0, 0.0      -5.4     16.366     21.393
  12         -5.4   0.0, 0.0      -5.4     28.025     32.158
  13         -5.3   0.0, 0.0      -5.3     21.963     25.894
  14         -5.2   0.0, 0.0      -5.2      6.160     11.633
  15         -5.2   0.0, 0.0      -5.2     32.476     36.029
  16         -5.1   0.0, 0.0      -5.1     11.609     16.372
  17         -5.0   0.0, 0.0      -5.0      8.512     12.739
  18         -4.9   0.0, 0.0      -4.9     16.919     21.399
  19         -4.7   0.0, 0.0      -4.7     16.433     21.309
  20         -4.4   0.0, 0.0      -4.4     19.803     23.112
  21         -4.3   0.0, 0.0      -4.3     22.440     25.814
  22         -4.1   0.0, 0.0      -4.1      9.142     14.599
  23         -4.1   0.0, 0.0      -4.1     16.439     21.181
  24         -4.1   0.0, 0.0      -4.1     23.615     27.539
  25         -4.0   0.0, 0.0      -4.0     17.150     22.477
  26         -3.7   0.0, 0.0      -3.7      6.432     14.600
  27         -3.7   0.0, 0.0      -3.7      8.135     14.935
  28         -3.3   0.0, 0.0      -3.3     17.606     22.750
  29         -2.9   0.0, 0.0      -2.9     32.087     35.734
  30         -2.7   0.0, 0.0      -2.7     34.481     38.542
  31         -2.7   0.0, 0.0      -2.7     23.947     27.747
  32         -2.1   0.0, 0.0      -2.1     22.469     25.957
  33         -1.7   0.0, 0.0      -1.7     33.318     37.053
  34         -1.3   0.0, 0.0      -1.3     19.013     27.657
  35         -1.2   0.0, 0.0      -1.2     11.139     17.557
  36         -1.1   0.0, 0.0      -1.1     52.518     57.840
  37         -1.1   0.0, 0.0      -1.1     72.743     78.933
  38         -1.1   0.0, 0.0      -1.1     78.780     85.119
  39         -1.1   0.0, 0.0      -1.1     52.805     58.048
  40         -1.1   0.0, 0.0      -1.1     74.851     78.463
  41         -1.1   0.0, 0.0      -1.1     63.224     68.295
  42         -1.1   0.0, 0.0      -1.1     51.757     55.998
  43         -1.1   0.0, 0.0      -1.1     55.728     61.407
  44         -1.1   0.0, 0.0      -1.1     56.089     61.157
  45         -1.1   0.0, 0.0      -1.1     69.670     75.073
  46         -1.1   0.0, 0.0      -1.1     37.425     42.383
  47         -1.1   0.0, 0.0      -1.1     56.805     61.854
  48         -1.1   0.0, 0.0      -1.1     38.489     45.381
  49         -1.1   0.0, 0.0      -1.1     38.479     42.963
  50         -1.1   0.0, 0.0      -1.1     69.867     75.022
  51         -1.1   0.0, 0.0      -1.1     47.182     51.544
  52         -1.1   0.0, 0.0      -1.1     55.995     61.825
  53         -1.1   0.0, 0.0      -1.1     55.999     60.248
  54         -1.1   0.0, 0.0      -1.1     64.672     69.228
  55         -1.1   0.0, 0.0      -1.1     36.062     41.047
  56         -1.1   0.0, 0.0      -1.1     56.796     61.638
  57         -1.1   0.0, 0.0      -1.1     78.451     85.992
  58         -1.1   0.0, 0.0      -1.1     43.102     48.993
  59         -1.1   0.0, 0.0      -1.1     52.619     59.288
  60         -1.1   0.0, 0.0      -1.1     44.589     48.158
  61         -1.1   0.0, 0.0      -1.1     83.785     88.541
  62         -1.1   0.0, 0.0      -1.1     85.380     90.134
  63         -1.1   0.0, 0.0      -1.1     84.642     89.258
  64         -1.1   0.0, 0.0      -1.1     47.600     51.750
  65         -1.1   0.0, 0.0      -1.1     65.325     69.828
  66         -1.1   0.0, 0.0      -1.1     63.059     67.538
  67         -1.1   0.0, 0.0      -1.1     51.466     56.549
  68         -1.1   0.0, 0.0      -1.1     68.461     73.022
  69         -1.1   0.0, 0.0      -1.1     50.500     55.130
  70         -1.1   0.0, 0.0      -1.1     49.513     54.308
  71         -1.1   0.0, 0.0      -1.1     69.076     74.523
  72         -1.1   0.0, 0.0      -1.1     60.324     64.519
  73         -1.1   0.0, 0.0      -1.1     41.183     44.899
  74         -1.1   0.0, 0.0      -1.1     56.975     63.275
  75         -1.1   0.0, 0.0      -1.1     51.895     56.435
  76         -1.1   0.0, 0.0      -1.1     35.937     39.880
  77         -1.1   0.0, 0.0      -1.1     63.597     67.672
  78         -1.1   0.0, 0.0      -1.1     57.695     63.008
  79         -1.1   0.0, 0.0      -1.1     64.208     67.660
  80         -1.1   0.0, 0.0      -1.1     62.379     67.293
  81         -1.1   0.0, 0.0      -1.1     53.934     57.790
  82         -1.1   0.0, 0.0      -1.1     70.877     74.959
  83         -1.1   0.0, 0.0      -1.1     76.675     82.950
  84         -1.1   0.0, 0.0      -1.1     79.076     83.633
  85         -1.1   0.0, 0.0      -1.1     63.712     69.412
  86         -1.1   0.0, 0.0      -1.1     60.945     65.805
  87         -1.1   0.0, 0.0      -1.1     36.218     40.382
  88         -1.1   0.0, 0.0      -1.1     53.022     57.537
  89         -1.1   0.0, 0.0      -1.1     67.457     72.552
  90         -1.1   0.0, 0.0      -1.1     83.682     88.900
  91         -1.1   0.0, 0.0      -1.1     89.627     94.788
  92         -1.1   0.0, 0.0      -1.1     63.316     67.918
  93         -1.1   3.0, 0.0      -4.0      7.526     14.787
  94         -1.1   0.0, 0.0      -1.1     81.279     86.105
  95         -1.1   0.0, 0.0      -1.1     55.275     59.032
  96         -1.1   0.0, 0.0      -1.1     35.768     40.706
  97         -0.7   2.1, 0.0      -2.7      7.331     15.732
  98         -0.6   2.1, 0.0      -2.7      7.957     16.540
  99         -0.5   2.4, 0.0      -2.9     11.414     17.217
 100         -0.4   2.3, 0.0      -2.7     27.595     31.755
Writing output ... done.
elapsed time: 1503.834s