#################################################################
#                       GlycoTorch-Vina Results                 #
#################################################################

WARNING: The search space volume > 27000 Angstrom^3 (See FAQ)
3x2p_ligand.pdbqt
Output will be 3x2p_ligand_out.pdbqt
Detected 8 CPUs
Reading input ...
CHI energy penalties applied to torsion in linkage b/w BGC   1  and BGC   2  | 4C1 (b1 - 4e) 4C1
CHI energy penalties applied to torsion in linkage b/w BGC   2  and BGC   3  | 4C1 (b1 - 4e) 4C1
CHI energy penalties applied to torsion in linkage b/w BGC   3  and BGC   4  | 4C1 (b1 - 4e) 4C1
CHI energy penalties applied to torsion in linkage b/w BGC   4  and BGC   5  | 4C1 (b1 - 4e) 4C1
done.
Setting up the scoring function ... done.
Analyzing the binding site ... done.
Using random seed: -720532560
Performing search ...
0%   10   20   30   40   50   60   70   80   90   100%
|----|----|----|----|----|----|----|----|----|----|
***************************************************
done.
Refining results ... done.

mode |   affinity |   chi,   |  affinity | dist from best mode
     | (kcal/mol) |   ffe    |  -chi -ff  | rmsd l.b.| rmsd u.b.
-----+------------+---------+--------------------+------------
   1        -10.7   0.0, 0.0      -10.7      0.000      0.000
   2        -10.0   0.0, 0.0      -10.0      2.047      6.179
   3         -9.7   0.0, 0.0      -9.7      5.633     11.385
   4         -9.4   0.0, 0.0      -9.4      4.885     10.811
   5         -9.2   0.0, 0.0      -9.2      8.058     16.079
   6         -9.0   0.0, 0.0      -9.0      1.773     14.729
   7         -8.9   0.0, 0.0      -8.9      2.236     14.654
   8         -8.6   0.0, 0.0      -8.6      2.638      6.213
   9         -8.6   0.0, 0.0      -8.6      2.805     15.631
  10         -8.3   0.0, 0.0      -8.3      5.535     10.514
  11         -7.3   0.0, 0.0      -7.3      3.083      4.073
  12         -7.2   0.0, 0.0      -7.2      4.559      8.407
  13         -6.7   0.0, 0.0      -6.7     20.606     25.568
  14         -6.5   0.0, 0.0      -6.5     14.142     21.597
  15         -6.5   0.0, 0.0      -6.5     25.148     28.556
  16         -6.4   0.0, 0.0      -6.4     26.636     30.451
  17         -6.4   0.0, 0.0      -6.4     20.512     25.505
  18         -6.2   0.0, 0.0      -6.2     14.710     20.438
  19         -6.2   0.0, 0.0      -6.2     26.937     30.053
  20         -6.2   0.0, 0.0      -6.2     12.579     21.656
  21         -6.1   0.0, 0.0      -6.1     11.717     19.118
  22         -6.1   0.0, 0.0      -6.1     22.644     28.203
  23         -6.1   0.0, 0.0      -6.1      4.352      5.820
  24         -6.1   0.0, 0.0      -6.1     11.431     13.115
  25         -6.1   0.0, 0.0      -6.1     23.409     26.069
  26         -6.0   0.0, 0.0      -6.0     12.099     14.046
  27         -6.0   0.0, 0.0      -6.0     25.223     27.677
  28         -6.0   0.0, 0.0      -6.0     14.612     20.018
  29         -6.0   0.0, 0.0      -6.0     19.090     21.178
  30         -6.0   0.0, 0.0      -6.0      3.739     15.679
  31         -6.0   0.0, 0.0      -6.0     24.884     26.502
  32         -6.0   0.0, 0.0      -6.0      6.223     17.715
  33         -5.9   0.0, 0.0      -5.9     16.621     23.831
  34         -5.8   0.0, 0.0      -5.8     27.918     30.388
  35         -5.8   0.0, 0.0      -5.8      5.204      6.485
  36         -5.7   0.0, 0.0      -5.7     23.832     26.278
  37         -5.7   0.0, 0.0      -5.7     23.142     25.528
  38         -5.7   0.0, 0.0      -5.7      7.917     19.796
  39         -5.6   0.0, 0.0      -5.6     25.852     30.311
  40         -5.6   0.0, 0.0      -5.6     27.931     31.802
  41         -5.6   0.0, 0.0      -5.6     26.968     29.676
  42         -5.5   0.0, 0.0      -5.5     13.581     15.859
  43         -5.5   0.0, 0.0      -5.5     16.321     21.782
  44         -5.4   0.0, 0.0      -5.4     16.440     19.389
  45         -5.3   0.0, 0.0      -5.3      5.227      8.373
  46         -5.3   0.0, 0.0      -5.3     16.357     20.907
  47         -5.3   0.0, 0.0      -5.3     27.299     31.705
  48         -5.3   0.0, 0.0      -5.3     17.157     20.677
  49         -5.3   0.0, 0.0      -5.3     15.697     19.241
  50         -5.2   4.3, 0.0      -9.5      1.760      2.598
  51         -5.2   0.0, 0.0      -5.2     28.089     29.996
  52         -5.2   0.0, 0.0      -5.2     23.513     25.441
  53         -5.2   0.0, 0.0      -5.2     26.228     30.436
  54         -5.1   0.0, 0.0      -5.1     24.937     26.418
  55         -5.1   0.0, 0.0      -5.1     25.110     26.446
  56         -5.0   0.0, 0.0      -5.0     14.166     20.997
  57         -5.0   0.0, 0.0      -5.0     11.581     16.212
  58         -5.0   0.0, 0.0      -5.0     15.827     22.877
  59         -5.0   0.0, 0.0      -5.0     27.419     30.038
  60         -4.9   0.0, 0.0      -4.9     28.058     29.876
  61         -4.9   0.0, 0.0      -4.9     15.459     20.687
  62         -4.9   0.0, 0.0      -4.9     15.827     21.831
  63         -4.9   0.0, 0.0      -4.9     25.629     27.270
  64         -4.9   0.0, 0.0      -4.9     27.539     29.608
  65         -4.9   0.0, 0.0      -4.9      5.843      8.833
  66         -4.9   0.0, 0.0      -4.9     27.122     30.148
  67         -4.8   0.0, 0.0      -4.8     25.258     26.683
  68         -4.8   0.0, 0.0      -4.8     23.204     25.262
  69         -4.8   0.0, 0.0      -4.8     26.053     30.704
  70         -4.8   0.0, 0.0      -4.8     10.354     18.386
  71         -4.8   0.0, 0.0      -4.8     22.678     29.857
  72         -4.7   0.0, 0.0      -4.7     23.195     29.253
  73         -4.7   0.0, 0.0      -4.7     26.210     29.951
  74         -4.7   0.0, 0.0      -4.7     25.513     29.434
  75         -4.7   0.0, 0.0      -4.7     24.869     26.228
  76         -4.7   0.0, 0.0      -4.7     25.997     27.478
  77         -4.7   0.0, 0.0      -4.7     27.964     30.193
  78         -4.7   0.0, 0.0      -4.7     25.093     26.902
  79         -4.6   0.0, 0.0      -4.6      4.515      5.093
  80         -4.6   0.0, 0.0      -4.6     20.619     25.030
  81         -4.6   0.0, 0.0      -4.6     11.315     15.289
  82         -4.6   0.0, 0.0      -4.6     27.656     29.908
  83         -4.6   0.0, 0.0      -4.6      7.500     18.933
  84         -4.6   0.0, 0.0      -4.6     13.981     20.607
  85         -4.5   0.0, 0.0      -4.5      5.647      7.817
  86         -4.5   0.0, 0.0      -4.5     18.720     22.772
  87         -4.4   0.0, 0.0      -4.4     25.996     27.335
  88         -4.4   0.0, 0.0      -4.4     19.581     23.674
  89         -4.4   0.0, 0.0      -4.4     14.138     21.789
  90         -4.4   0.0, 0.0      -4.4     11.307     14.984
  91         -4.4   0.0, 0.0      -4.4     28.752     30.649
  92         -4.4   0.0, 0.0      -4.4     11.204     18.449
  93         -4.4   0.0, 0.0      -4.4     18.160     21.656
  94         -4.3   0.0, 0.0      -4.3     22.341     26.705
  95         -4.3   0.0, 0.0      -4.3     27.435     32.059
  96         -4.3   2.8, 0.0      -7.0      4.331      8.455
  97         -4.2   0.0, 0.0      -4.2     14.487     22.164
  98         -4.1   2.2, 0.0      -6.3     12.836     20.922
  99         -3.8   3.7, 0.0      -7.5      2.706      3.834
 100         -2.6   5.2, 0.0      -7.8      2.379      3.820
Writing output ... done.
elapsed time: 512.790s