#################################################################
#                       GlycoTorch-Vina Results                 #
#################################################################

WARNING: The search space volume > 27000 Angstrom^3 (See FAQ)
ligand.pdbqt
Output will be ligand_out.pdbqt
Detected 8 CPUs
Reading input ...
CHI energy penalties NOT applied to torsion in linkage b/w A00   1  and A00   2  | ??? (?1 - 4e) 4C1
CHI energy penalties applied to torsion in linkage b/w A00   2  and A00   3  | 4C1 (a1 - 4a) 1C4
CHI energy penalties applied to torsion in linkage b/w A00   3  and A00   4  | 1C4 (a1 - 4e) 4C1
done.
Setting up the scoring function ... done.
Analyzing the binding site ... done.
Using random seed: 619754112
Performing search ...
0%   10   20   30   40   50   60   70   80   90   100%
|----|----|----|----|----|----|----|----|----|----|
***************************************************
done.
Refining results ... done.

mode |   affinity |   chi,   |  affinity | dist from best mode
     | (kcal/mol) |   ffe    |  -chi -ff  | rmsd l.b.| rmsd u.b.
-----+------------+---------+--------------------+------------
   1         -7.1   0.0, 0.0      -7.1      0.000      0.000
   2         -6.4   0.0, 0.0      -6.4      1.831      2.317
   3         -6.2   0.0, 0.0      -6.2      5.085      8.508
   4         -6.2   0.0, 0.0      -6.2      2.758      9.331
   5         -4.2   0.0, 0.0      -4.2     16.609     20.798
   6         -4.2   0.0, 0.0      -4.2      3.313      9.474
   7         -4.0   0.0, 0.0      -4.0      3.565      9.583
   8         -3.9   0.0, 0.0      -3.9      2.878      4.415
   9         -3.1   0.0, 0.0      -3.1     14.458     19.903
  10         -3.1   0.0, 0.0      -3.1      3.680      6.661
  11         -2.8   0.0, 0.0      -2.8     13.934     19.311
  12         -1.9   0.0, 0.0      -1.9      5.387     10.098
  13         -1.5   0.0, 0.0      -1.5      6.139     11.077
  14         -1.4   0.0, 0.0      -1.4     12.641     18.299
  15         -0.8   0.0, 0.0      -0.8      6.098     11.261
  16         -0.6   0.0, 0.0      -0.6     13.640     18.743
  17         -0.6   0.0, 0.0      -0.6     12.361     17.587
  18         -0.5   0.0, 0.0      -0.5     16.273     21.818
  19         -0.4   0.0, 0.0      -0.4     14.137     19.252
  20         -0.3   0.0, 0.0      -0.3     76.152     79.605
  21         -0.3   0.0, 0.0      -0.3     48.678     54.365
  22         -0.3   0.0, 0.0      -0.3     41.596     47.340
  23         -0.3   0.0, 0.0      -0.3    110.108    114.084
  24         -0.3   0.0, 0.0      -0.3    117.435    121.199
  25         -0.3   0.0, 0.0      -0.3     72.779     77.180
  26         -0.3   0.0, 0.0      -0.3    100.685    105.025
  27         -0.3   0.0, 0.0      -0.3     80.779     84.162
  28         -0.3   0.0, 0.0      -0.3    117.150    120.958
  29         -0.3   0.0, 0.0      -0.3     68.508     73.312
  30         -0.3   0.0, 0.0      -0.3    106.364    110.152
  31         -0.3   0.0, 0.0      -0.3     99.208    103.078
  32         -0.3   0.0, 0.0      -0.3     75.017     79.860
  33         -0.3   0.0, 0.0      -0.3     98.575    102.890
  34         -0.3   0.0, 0.0      -0.3    104.704    109.011
  35         -0.3   0.0, 0.0      -0.3     61.476     65.400
  36         -0.3   0.0, 0.0      -0.3    106.524    110.175
  37         -0.3   0.0, 0.0      -0.3     79.257     83.836
  38         -0.3   0.0, 0.0      -0.3     79.822     83.732
  39         -0.3   0.0, 0.0      -0.3     90.185     93.789
  40         -0.3   0.0, 0.0      -0.3    138.024    142.044
  41         -0.3   0.0, 0.0      -0.3     31.649     37.179
  42         -0.3   0.0, 0.0      -0.3     93.930     98.729
  43         -0.3   0.0, 0.0      -0.3    114.359    119.296
  44         -0.3   0.0, 0.0      -0.3    116.868    120.636
  45         -0.3   0.0, 0.0      -0.3     78.049     82.501
  46         -0.3   0.0, 0.0      -0.3     48.060     51.662
  47         -0.3   0.0, 0.0      -0.3    111.957    117.074
  48         -0.3   0.0, 0.0      -0.3     97.144    101.068
  49         -0.3   0.0, 0.0      -0.3    103.207    107.039
  50         -0.3   0.0, 0.0      -0.3    103.673    107.502
  51         -0.3   0.0, 0.0      -0.3    102.854    107.381
  52         -0.3   0.0, 0.0      -0.3     90.974     95.452
  53         -0.3   0.0, 0.0      -0.3     71.348     76.345
  54         -0.3   0.0, 0.0      -0.3     81.283     85.442
  55         -0.3   0.0, 0.0      -0.3     31.046     36.537
  56         -0.3   0.0, 0.0      -0.3     96.861    101.273
  57         -0.3   0.0, 0.0      -0.3     91.214     94.903
  58         -0.3   0.0, 0.0      -0.3     83.213     87.484
  59         -0.3   0.0, 0.0      -0.3    107.340    111.424
  60         -0.3   0.0, 0.0      -0.3     67.027     71.451
  61         -0.3   0.0, 0.0      -0.3    112.643    116.860
  62         -0.3   0.0, 0.0      -0.3     65.663     69.299
  63         -0.3   0.0, 0.0      -0.3    116.867    121.062
  64         -0.3   0.0, 0.0      -0.3     44.459     48.544
  65         -0.3   0.0, 0.0      -0.3    104.387    108.508
  66         -0.3   0.0, 0.0      -0.3     36.955     40.642
  67         -0.3   0.0, 0.0      -0.3    125.948    129.988
  68         -0.3   0.0, 0.0      -0.3     90.546     95.977
  69         -0.3   0.0, 0.0      -0.3     91.786     97.196
  70         -0.3   0.0, 0.0      -0.3    132.190    136.931
  71         -0.3   0.0, 0.0      -0.3     99.116    103.901
  72         -0.3   0.0, 0.0      -0.3     39.844     43.901
  73         -0.3   0.0, 0.0      -0.3     93.757     98.852
  74         -0.3   0.0, 0.0      -0.3    105.575    108.869
  75         -0.3   0.0, 0.0      -0.3     46.764     52.040
  76         -0.3   0.0, 0.0      -0.3     39.618     44.952
  77         -0.3   0.0, 0.0      -0.3     55.294     59.058
  78         -0.3   0.0, 0.0      -0.3    117.635    121.418
  79         -0.3   0.0, 0.0      -0.3    110.850    114.801
  80         -0.3   0.0, 0.0      -0.3     83.800     88.411
  81         -0.3   0.0, 0.0      -0.3    112.027    115.848
  82         -0.3   0.0, 0.0      -0.3    126.783    131.921
  83         -0.3   0.0, 0.0      -0.3     97.266    101.779
  84         -0.3   0.0, 0.0      -0.3    106.868    111.069
  85         -0.3   0.0, 0.0      -0.3    125.477    129.301
  86         -0.3   0.0, 0.0      -0.3     52.790     57.728
  87         -0.3   0.0, 0.0      -0.3     52.309     57.245
  88         -0.3   0.0, 0.0      -0.3     51.866     55.543
  89         -0.3   0.0, 0.0      -0.3     40.445     45.798
  90         -0.3   0.0, 0.0      -0.3     95.002    100.029
  91         -0.3   0.0, 0.0      -0.3     58.192     61.916
  92         -0.3   0.0, 0.0      -0.3     96.843    101.368
  93         -0.2   0.0, 0.0      -0.2     51.096     56.112
  94         -0.2   0.0, 0.0      -0.2    100.152    104.599
  95         -0.2   0.0, 0.0      -0.2     75.076     79.508
  96         -0.2   0.0, 0.0      -0.2     73.633     78.005
  97         -0.2   0.0, 0.0      -0.2    107.327    111.001
  98         -0.2   0.0, 0.0      -0.2     71.781     75.779
  99         -0.2   0.0, 0.0      -0.2    126.817    130.675
 100         -0.2   0.0, 0.0      -0.2    106.781    110.486
Writing output ... done.
elapsed time: 1485.836s