#################################################################
#                       GlycoTorch-Vina Results                 #
#################################################################

WARNING: The search space volume > 27000 Angstrom^3 (See FAQ)
3uan_ligand.pdbqt
Output will be 3uan_ligand_out.pdbqt
Detected 8 CPUs
Reading input ...
CHI energy penalties applied to torsion in linkage b/w NGY   1  and BDP   2  | 4C1 (a1 - 4e) 4C1
CHI energy penalties applied to torsion in linkage b/w BDP   2  and SGN   3  | 4C1 (b1 - 4e) 4C1
CHI energy penalties applied to torsion in linkage b/w SGN   3  and IDS   4  | 4C1 (a1 - 4a) 1C4
CHI energy penalties applied to torsion in linkage b/w IDS   4  and SGN   5  | 1C4 (a1 - 4e) 4C1
CHI energy penalties applied to torsion in linkage b/w SGN   5  and BDP   6  | 4C1 (a1 - 4e) 4C1
done.
Setting up the scoring function ... done.
Analyzing the binding site ... done.
Using random seed: 1114014264
Performing search ...
0%   10   20   30   40   50   60   70   80   90   100%
|----|----|----|----|----|----|----|----|----|----|
***************************************************
done.
Refining results ... done.

mode |   affinity |   chi,   |  affinity | dist from best mode
     | (kcal/mol) |   ffe    |  -chi -ff  | rmsd l.b.| rmsd u.b.
-----+------------+---------+--------------------+------------
   1        -11.1   0.0, 0.0      -11.1      0.000      0.000
   2         -8.9   0.0, 0.0      -8.9      6.616     16.164
   3         -8.9   0.0, 0.0      -8.9      3.465      5.506
   4         -8.7   0.0, 0.0      -8.7      5.194     18.805
   5         -8.2   0.0, 0.0      -8.2     18.929     26.319
   6         -8.2   0.0, 0.0      -8.2      5.749      9.144
   7         -8.1   0.0, 0.0      -8.1      4.320     16.683
   8         -8.0   0.0, 0.0      -8.0      6.709     15.414
   9         -8.0   0.0, 0.0      -8.0     16.752     24.301
  10         -8.0   0.0, 0.0      -8.0      7.150     15.514
  11         -8.0   0.0, 0.0      -8.0      3.597     16.471
  12         -8.0   0.0, 0.0      -8.0     18.551     26.604
  13         -8.0   0.0, 0.0      -8.0     15.178     22.928
  14         -7.8   0.0, 0.0      -7.8      5.667      9.768
  15         -7.7   0.0, 0.0      -7.7      7.232     11.296
  16         -7.7   0.0, 0.0      -7.7      6.667     15.686
  17         -7.6   0.0, 0.0      -7.6      3.604     15.423
  18         -7.6   0.0, 0.0      -7.6      3.660      6.253
  19         -7.5   0.0, 0.0      -7.5      5.341     18.500
  20         -7.5   0.0, 0.0      -7.5      3.247      5.817
  21         -7.4   0.0, 0.0      -7.4     15.744     23.197
  22         -7.3   0.0, 0.0      -7.3     19.006     26.886
  23         -7.3   0.0, 0.0      -7.3      6.491     10.780
  24         -7.2   0.0, 0.0      -7.2     14.549     19.435
  25         -7.2   0.0, 0.0      -7.2      6.372      9.969
  26         -7.1   0.0, 0.0      -7.1      3.571     15.738
  27         -7.1   0.0, 0.0      -7.1      7.051     15.871
  28         -7.1   0.0, 0.0      -7.1      5.376      8.787
  29         -7.1   0.0, 0.0      -7.1     16.523     20.764
  30         -7.1   0.0, 0.0      -7.1      9.073     16.643
  31         -7.0   0.0, 0.0      -7.0      3.618     16.196
  32         -7.0   0.0, 0.0      -7.0      3.409     15.721
  33         -6.9   0.0, 0.0      -6.9      6.345     10.359
  34         -6.8   0.0, 0.0      -6.8      7.585     16.437
  35         -6.8   0.0, 0.0      -6.8     17.934     23.492
  36         -6.8   0.0, 0.0      -6.8      6.637     10.277
  37         -6.6   0.0, 0.0      -6.6      3.711     16.128
  38         -6.6   0.0, 0.0      -6.6     18.509     23.027
  39         -6.6   0.0, 0.0      -6.6      3.645     15.352
  40         -6.6   0.0, 0.0      -6.6      5.377     17.911
  41         -6.6   0.0, 0.0      -6.6      6.682     10.816
  42         -6.5   0.0, 0.0      -6.5      5.140     16.480
  43         -6.4   0.0, 0.0      -6.4      5.487     17.469
  44         -6.4   0.0, 0.0      -6.4     19.178     24.699
  45         -6.4   0.0, 0.0      -6.4     15.003     19.722
  46         -6.4   0.0, 0.0      -6.4     14.006     18.636
  47         -6.3   0.0, 0.0      -6.3      3.969      7.132
  48         -6.3   0.0, 0.0      -6.3      6.311      9.736
  49         -6.0   2.2, 0.0      -8.2     15.348     22.530
  50         -6.0   0.0, 0.0      -6.0      5.307     15.370
  51         -6.0   0.0, 0.0      -6.0      5.465     18.118
  52         -5.9   0.0, 0.0      -5.9     15.892     20.908
  53         -5.8   0.0, 0.0      -5.8      9.616     16.272
  54         -5.8   0.0, 0.0      -5.8     15.886     20.530
  55         -5.8   0.0, 0.0      -5.8     10.448     17.082
  56         -5.6   0.0, 0.0      -5.6     16.545     22.854
  57         -5.6   0.0, 0.0      -5.6     15.941     20.231
  58         -5.6   0.0, 0.0      -5.6     16.135     22.979
  59         -5.4   0.0, 0.0      -5.4     17.623     22.485
  60         -5.4   0.0, 0.0      -5.4      3.632     15.700
  61         -5.4   0.0, 0.0      -5.4     14.005     21.087
  62         -5.3   0.0, 0.0      -5.3      4.759     15.711
  63         -5.1   0.0, 0.0      -5.1     17.138     21.950
  64         -4.9   0.0, 0.0      -4.9      5.998      9.752
  65         -4.8   0.0, 0.0      -4.8     13.392     17.120
  66         -4.7   0.0, 0.0      -4.7     12.869     17.527
  67         -4.4   3.3, 0.0      -7.7      5.701     15.272
  68         -4.4   0.0, 0.0      -4.4      5.350     16.418
  69         -4.3   3.7, 0.0      -8.0      4.774     15.304
  70         -4.0   3.3, 0.0      -7.3      5.481     10.017
  71         -4.0   0.0, 0.0      -4.0      5.649      9.971
  72         -3.9   2.8, 0.0      -6.7      3.788     15.618
  73         -3.9   2.9, 0.0      -6.8      6.087     10.330
  74         -3.8   2.6, 0.0      -6.4     18.076     22.938
  75         -3.8   2.7, 0.0      -6.4     16.003     21.226
  76         -3.7   2.7, 0.0      -6.3     18.355     22.942
  77         -3.5   2.3, 0.0      -5.8     15.272     20.089
  78         -3.4   3.0, 0.0      -6.5     13.555     20.918
  79         -3.4   2.6, 0.0      -6.1     16.715     21.274
  80         -3.1   2.2, 0.0      -5.3      8.048     17.523
  81         -3.1   2.9, 0.0      -6.0      6.022     19.366
  82         -3.1   2.8, 0.0      -5.9     13.691     18.379
  83         -2.8   3.0, 0.0      -5.8      6.161     10.340
  84         -2.7   2.4, 0.0      -5.1      4.645     17.596
  85         -2.7   2.9, 0.0      -5.6     14.405     21.704
  86         -2.7   3.7, 0.0      -6.4      8.501     13.081
  87         -2.6   3.4, 0.0      -6.0     10.396     16.879
  88         -2.6   3.8, 0.0      -6.3      7.449     11.501
  89         -2.4   5.4, 0.0      -7.8      5.410     19.236
  90         -2.3   3.1, 0.0      -5.4     16.251     22.894
  91         -2.2   2.9, 0.0      -5.1      4.625     15.680
  92         -2.1   4.3, 0.0      -6.5     14.577     21.851
  93         -1.5   6.1, 0.0      -7.6      3.329     14.466
  94         -1.4   3.9, 0.0      -5.3      7.814     17.273
  95         -1.2   5.8, 0.0      -7.0     18.773     23.637
  96         -0.9   5.4, 0.0      -6.2      5.429      9.600
  97         -0.7   7.0, 0.0      -7.7      5.108     14.469
  98         -0.1   7.9, 0.0      -8.1      4.906     13.793
  99         -0.1   7.5, 0.0      -7.6      6.479     11.845
 100         -0.1   6.6, 0.0      -6.8     14.400     21.916
Writing output ... done.
elapsed time: 4495.530s