#################################################################
#                       GlycoTorch-Vina Results                 #
#################################################################

WARNING: The search space volume > 27000 Angstrom^3 (See FAQ)
1gmn_ligand.pdbqt
Output will be 1gmn_ligand_out.pdbqt
Detected 8 CPUs
Reading input ...
CHI energy penalties applied to torsion in linkage b/w IDS   1  and SGN   2  | 2SO (?1 - 4e) 4C1
CHI energy penalties NOT applied to torsion in linkage b/w SGN   2  and IDS   3  | 4C1 (?1 - 4a) 1C4
CHI energy penalties NOT applied to torsion in linkage b/w IDS   3  and SGN   4  | 1C4 (?1 - 4e) 4C1
CHI energy penalties NOT applied to torsion in linkage b/w SGN   4  and IDS   5  | 4C1 (?1 - 4a) 2SO
done.
Setting up the scoring function ... done.
Analyzing the binding site ... done.
Using random seed: -1681459876
Performing search ...
0%   10   20   30   40   50   60   70   80   90   100%
|----|----|----|----|----|----|----|----|----|----|
***************************************************
done.
Refining results ... done.

mode |   affinity |   chi,   |  affinity | dist from best mode
     | (kcal/mol) |   ffe    |  -chi -ff  | rmsd l.b.| rmsd u.b.
-----+------------+---------+--------------------+------------
   1         -8.6   0.0, 0.0      -8.6      0.000      0.000
   2         -8.6   0.0, 0.0      -8.6      5.318     14.240
   3         -8.4   0.0, 0.0      -8.4      4.130      9.959
   4         -8.4   0.0, 0.0      -8.4      3.988      9.752
   5         -8.3   0.0, 0.0      -8.3     17.008     23.155
   6         -8.3   0.0, 0.0      -8.3      4.696     15.106
   7         -8.3   0.0, 0.0      -8.3      5.396     14.017
   8         -8.3   0.0, 0.0      -8.3      5.246     14.042
   9         -8.2   0.0, 0.0      -8.2     15.585     22.412
  10         -8.2   0.0, 0.0      -8.2      4.483     15.018
  11         -8.2   0.0, 0.0      -8.2      3.864      9.896
  12         -8.1   0.0, 0.0      -8.1     25.266     30.423
  13         -8.0   0.0, 0.0      -8.0     21.218     24.527
  14         -8.0   0.0, 0.0      -8.0     15.658     20.248
  15         -8.0   0.0, 0.0      -8.0      4.627      8.452
  16         -7.9   0.0, 0.0      -7.9      4.466      9.208
  17         -7.9   0.0, 0.0      -7.9     18.803     24.097
  18         -7.9   0.0, 0.0      -7.9     19.127     24.394
  19         -7.9   0.0, 0.0      -7.9     19.148     24.501
  20         -7.9   0.0, 0.0      -7.9      4.857     14.109
  21         -7.8   0.0, 0.0      -7.8      5.000     11.234
  22         -7.8   0.0, 0.0      -7.8     16.012     22.790
  23         -7.7   0.0, 0.0      -7.7     21.454     25.652
  24         -7.7   0.0, 0.0      -7.7      4.044      8.263
  25         -7.7   0.0, 0.0      -7.7     18.852     22.387
  26         -7.6   0.0, 0.0      -7.6     20.422     28.864
  27         -7.6   0.0, 0.0      -7.6     16.017     22.966
  28         -7.6   0.0, 0.0      -7.6      3.955      8.753
  29         -7.6   0.0, 0.0      -7.6     16.590     22.760
  30         -7.5   0.0, 0.0      -7.5     21.339     23.540
  31         -7.5   0.0, 0.0      -7.5     25.819     30.792
  32         -7.5   0.0, 0.0      -7.5      4.441     13.991
  33         -7.5   0.0, 0.0      -7.5      3.929      7.530
  34         -7.5   0.0, 0.0      -7.5     21.378     24.858
  35         -7.5   0.0, 0.0      -7.5     19.576     23.174
  36         -7.4   0.0, 0.0      -7.4     12.322     17.955
  37         -7.4   0.0, 0.0      -7.4     20.787     26.724
  38         -7.3   0.0, 0.0      -7.3     17.475     23.531
  39         -7.3   0.0, 0.0      -7.3     18.712     24.107
  40         -7.3   0.0, 0.0      -7.3     12.378     18.199
  41         -7.3   0.0, 0.0      -7.3      4.154      8.047
  42         -7.3   0.0, 0.0      -7.3     21.400     26.283
  43         -7.3   0.0, 0.0      -7.3      5.000      9.741
  44         -7.3   0.0, 0.0      -7.3     17.765     21.757
  45         -7.3   0.0, 0.0      -7.3      5.260      9.264
  46         -7.3   0.0, 0.0      -7.3     15.699     19.891
  47         -7.3   0.0, 0.0      -7.3     19.035     22.732
  48         -7.3   0.0, 0.0      -7.3     11.143     17.535
  49         -7.2   0.0, 0.0      -7.2     16.642     22.941
  50         -7.2   0.0, 0.0      -7.2     26.278     32.008
  51         -7.2   0.0, 0.0      -7.2     19.962     25.582
  52         -7.2   0.0, 0.0      -7.2     21.300     26.947
  53         -7.1   0.0, 0.0      -7.1     22.204     25.545
  54         -7.1   0.0, 0.0      -7.1     18.855     22.519
  55         -7.1   0.0, 0.0      -7.1      4.389      8.376
  56         -7.1   0.0, 0.0      -7.1      4.982     13.755
  57         -7.1   0.0, 0.0      -7.1     11.077     17.694
  58         -7.1   0.0, 0.0      -7.1     12.877     19.365
  59         -7.1   0.0, 0.0      -7.1     21.550     25.717
  60         -7.1   0.0, 0.0      -7.1      4.024     11.839
  61         -7.1   0.0, 0.0      -7.1     21.190     29.839
  62         -7.0   0.0, 0.0      -7.0     22.014     27.304
  63         -7.0   0.0, 0.0      -7.0     21.554     26.749
  64         -7.0   0.0, 0.0      -7.0     20.446     28.570
  65         -7.0   0.0, 0.0      -7.0     17.695     23.708
  66         -7.0   0.0, 0.0      -7.0     22.086     30.029
  67         -7.0   0.0, 0.0      -7.0     16.350     19.950
  68         -7.0   0.0, 0.0      -7.0     21.052     26.375
  69         -7.0   0.0, 0.0      -7.0     17.532     21.688
  70         -7.0   0.0, 0.0      -7.0     21.222     24.838
  71         -7.0   0.0, 0.0      -7.0     19.169     23.426
  72         -7.0   0.0, 0.0      -7.0     21.701     29.942
  73         -7.0   0.0, 0.0      -7.0     16.794     21.714
  74         -7.0   0.0, 0.0      -7.0     17.052     24.987
  75         -7.0   0.0, 0.0      -7.0     16.633     20.500
  76         -7.0   0.0, 0.0      -7.0     19.071     22.859
  77         -6.9   0.0, 0.0      -6.9     21.216     29.632
  78         -6.9   0.0, 0.0      -6.9     21.062     25.266
  79         -6.9   0.0, 0.0      -6.9     27.664     33.147
  80         -6.9   0.0, 0.0      -6.9     21.018     25.780
  81         -6.9   0.0, 0.0      -6.9     16.894     23.131
  82         -6.9   0.0, 0.0      -6.9     17.347     21.283
  83         -6.9   0.0, 0.0      -6.9     20.622     28.222
  84         -6.9   0.0, 0.0      -6.9     27.803     34.485
  85         -6.8   0.0, 0.0      -6.8     21.986     24.908
  86         -6.8   0.0, 0.0      -6.8     27.335     33.226
  87         -6.8   0.0, 0.0      -6.8     20.630     27.006
  88         -6.8   0.0, 0.0      -6.8     20.620     26.362
  89         -6.8   0.0, 0.0      -6.8     21.314     24.212
  90         -6.8   0.0, 0.0      -6.8      2.986      7.526
  91         -6.8   0.0, 0.0      -6.8     20.188     24.779
  92         -6.8   0.0, 0.0      -6.8     21.768     28.182
  93         -6.8   0.0, 0.0      -6.8     20.151     24.154
  94         -6.8   0.0, 0.0      -6.8     29.060     36.776
  95         -6.7   0.0, 0.0      -6.7     22.416     26.960
  96         -6.7   0.0, 0.0      -6.7     19.547     23.436
  97         -6.7   0.0, 0.0      -6.7     20.689     27.839
  98         -6.7   0.0, 0.0      -6.7     20.397     28.198
  99         -6.6   0.0, 0.0      -6.6     21.880     26.142
 100         -6.6   0.0, 0.0      -6.6      4.186      7.870
Writing output ... done.
elapsed time: 17099.076s