#################################################################
#                       GlycoTorch-Vina Results                 #
#################################################################

WARNING: The search space volume > 27000 Angstrom^3 (See FAQ)
ligand.pdbqt
Output will be ligand_out.pdbqt
Detected 8 CPUs
Reading input ...
CHI energy penalties NOT applied to torsion in linkage b/w A00   1  and A00   2  | ??? (?1 - 4e) 4C1
CHI energy penalties applied to torsion in linkage b/w A00   2  and A00   3  | 4C1 (a1 - 4a) 1C4
CHI energy penalties applied to torsion in linkage b/w A00   3  and A00   4  | 1C4 (a1 - 4e) 4C1
done.
Setting up the scoring function ... done.
Analyzing the binding site ... done.
Using random seed: 1889396792
Performing search ...
0%   10   20   30   40   50   60   70   80   90   100%
|----|----|----|----|----|----|----|----|----|----|
***************************************************
done.
Refining results ... done.

mode |   affinity |   chi,   |  affinity | dist from best mode
     | (kcal/mol) |   ffe    |  -chi -ff  | rmsd l.b.| rmsd u.b.
-----+------------+---------+--------------------+------------
   1         -3.4   0.0, 0.0      -3.4      0.000      0.000
   2         -3.3   0.0, 0.0      -3.3      3.087      5.512
   3         -2.9   0.0, 0.0      -2.9      2.115      3.852
   4         -2.6   0.0, 0.0      -2.6      2.714      4.058
   5         -2.6   0.0, 0.0      -2.6      4.377      8.053
   6         -2.3   0.0, 0.0      -2.3      4.065      8.285
   7         -1.9   0.0, 0.0      -1.9      3.935      8.100
   8         -1.3   0.0, 0.0      -1.3      3.569      5.153
   9         -1.2   0.0, 0.0      -1.2      6.018     11.809
  10         -1.1   0.0, 0.0      -1.1      5.553     12.185
  11         -0.6   0.0, 0.0      -0.6      6.239     11.550
  12         -0.4   0.0, 0.0      -0.4      7.021     11.813
  13         -0.2   0.0, 0.0      -0.2     63.038     68.039
  14         -0.2   0.0, 0.0      -0.2     63.883     68.192
  15         -0.2   0.0, 0.0      -0.2     54.466     58.725
  16         -0.2   0.0, 0.0      -0.2     61.461     66.699
  17         -0.2   0.0, 0.0      -0.2     28.833     33.593
  18         -0.2   0.0, 0.0      -0.2     34.027     37.663
  19         -0.2   0.0, 0.0      -0.2     46.648     51.265
  20         -0.2   0.0, 0.0      -0.2     36.226     40.731
  21         -0.2   0.0, 0.0      -0.2     72.743     78.183
  22         -0.2   0.0, 0.0      -0.2     75.298     80.775
  23         -0.2   0.0, 0.0      -0.2     46.860     50.830
  24         -0.2   0.0, 0.0      -0.2     66.503     71.439
  25         -0.2   0.0, 0.0      -0.2     57.918     62.500
  26         -0.2   0.0, 0.0      -0.2     47.672     52.278
  27         -0.2   0.0, 0.0      -0.2     56.207     61.541
  28         -0.2   0.0, 0.0      -0.2     49.068     53.597
  29         -0.2   0.0, 0.0      -0.2     62.935     67.653
  30         -0.2   0.0, 0.0      -0.2     48.892     54.490
  31         -0.2   0.0, 0.0      -0.2     74.251     78.151
  32         -0.2   0.0, 0.0      -0.2     59.685     64.841
  33         -0.2   0.0, 0.0      -0.2     61.116     65.308
  34         -0.2   0.0, 0.0      -0.2     64.561     69.558
  35         -0.2   0.0, 0.0      -0.2     61.873     66.191
  36         -0.2   0.0, 0.0      -0.2     60.764     66.067
  37         -0.2   0.0, 0.0      -0.2     51.505     56.917
  38         -0.2   0.0, 0.0      -0.2     57.032     61.950
  39         -0.2   0.0, 0.0      -0.2     81.367     85.640
  40         -0.2   0.0, 0.0      -0.2     32.957     37.258
  41         -0.2   0.0, 0.0      -0.2     18.220     23.606
  42         -0.2   0.0, 0.0      -0.2     59.796     63.871
  43         -0.2   0.0, 0.0      -0.2     60.767     64.066
  44         -0.2   0.0, 0.0      -0.2     41.071     45.813
  45         -0.2   0.0, 0.0      -0.2     61.178     66.550
  46         -0.2   0.0, 0.0      -0.2     57.802     61.817
  47         -0.2   0.0, 0.0      -0.2     28.395     34.456
  48         -0.2   0.0, 0.0      -0.2     40.414     45.287
  49         -0.2   0.0, 0.0      -0.2     60.262     64.906
  50         -0.2   0.0, 0.0      -0.2     40.899     44.614
  51         -0.2   0.0, 0.0      -0.2     61.771     66.386
  52         -0.2   0.0, 0.0      -0.2     46.416     51.326
  53         -0.2   0.0, 0.0      -0.2     47.419     52.392
  54         -0.2   0.0, 0.0      -0.2     44.006     49.922
  55         -0.2   0.0, 0.0      -0.2     54.485     58.218
  56         -0.2   0.0, 0.0      -0.2     63.504     68.845
  57         -0.2   0.0, 0.0      -0.2     69.732     75.610
  58         -0.2   0.0, 0.0      -0.2     55.973     61.105
  59         -0.2   0.0, 0.0      -0.2     71.493     75.885
  60         -0.2   0.0, 0.0      -0.2     70.778     75.494
  61         -0.2   0.0, 0.0      -0.2     64.995     70.058
  62         -0.2   0.0, 0.0      -0.2     71.205     76.598
  63         -0.2   0.0, 0.0      -0.2     61.161     66.570
  64         -0.2   0.0, 0.0      -0.2     56.048     61.277
  65         -0.2   0.0, 0.0      -0.2     28.586     33.279
  66         -0.2   0.0, 0.0      -0.2     28.929     33.687
  67         -0.2   0.0, 0.0      -0.2     60.239     65.396
  68         -0.2   0.0, 0.0      -0.2     55.561     60.984
  69         -0.2   0.0, 0.0      -0.2     62.970     67.455
  70         -0.2   0.0, 0.0      -0.2     64.358     69.653
  71         -0.2   0.0, 0.0      -0.2     40.477     45.006
  72         -0.2   0.0, 0.0      -0.2     59.526     65.373
  73         -0.2   0.0, 0.0      -0.2     57.355     62.592
  74         -0.2   0.0, 0.0      -0.2     65.610     71.285
  75         -0.2   0.0, 0.0      -0.2     65.149     70.815
  76         -0.2   0.0, 0.0      -0.2     34.505     39.589
  77         -0.2   0.0, 0.0      -0.2     35.671     40.324
  78         -0.2   0.0, 0.0      -0.2     45.418     51.040
  79         -0.2   0.0, 0.0      -0.2     28.518     34.927
  80         -0.2   0.0, 0.0      -0.2     36.905     41.727
  81         -0.2   0.0, 0.0      -0.2     40.581     45.972
  82         -0.2   0.0, 0.0      -0.2     46.523     51.976
  83         -0.1   0.0, 0.0      -0.1     36.168     41.982
  84         -0.1   0.0, 0.0      -0.1     51.244     57.343
  85         -0.1   0.0, 0.0      -0.1     72.649     77.541
  86         -0.1   0.0, 0.0      -0.1     64.034     69.498
  87         -0.1   0.0, 0.0      -0.1     42.814     48.544
  88         -0.1   0.0, 0.0      -0.1     66.044     71.128
  89         -0.1   0.0, 0.0      -0.1     69.743     74.210
  90         -0.1   0.0, 0.0      -0.1     58.743     64.141
  91         -0.1   0.0, 0.0      -0.1     56.275     59.648
  92         -0.1   0.0, 0.0      -0.1     45.697     50.835
  93         -0.1   0.0, 0.0      -0.1     53.784     59.722
  94         -0.1   0.0, 0.0      -0.1     59.760     64.473
  95         -0.1   0.0, 0.0      -0.1     34.044     39.973
  96         -0.1   0.0, 0.0      -0.1     77.444     81.311
  97         -0.1   0.0, 0.0      -0.1     60.930     66.070
  98         -0.1   0.0, 0.0      -0.1     73.403     77.849
  99         -0.1   0.0, 0.0      -0.1     69.809     74.610
 100         -0.0   0.0, 0.0      -0.0     56.930     62.672
Writing output ... done.
elapsed time: 1599.449s