#################################################################
#                       GlycoTorch-Vina Results                 #
#################################################################

WARNING: The search space volume > 27000 Angstrom^3 (See FAQ)
2jcq_ligand.pdbqt
Output will be 2jcq_ligand_out.pdbqt
Detected 8 CPUs
Reading input ...
CHI energy penalties NOT applied to torsion in linkage b/w NAG   1  and BDP   2  | 4C1 (?1 - 4e) 4C1
CHI energy penalties applied to torsion in linkage b/w BDP   2  and NAG   3  | 4C1 (b1 - 3e) 4C1
CHI energy penalties applied to torsion in linkage b/w NAG   3  and BDP   4  | 4C1 (b1 - 4e) 4C1
CHI energy penalties applied to torsion in linkage b/w BDP   4  and NAG   5  | 4C1 (b1 - 3e) 4C1
CHI energy penalties applied to torsion in linkage b/w NAG   5  and BDP   6  | 4C1 (b1 - 4e) 4C1
CHI energy penalties applied to torsion in linkage b/w BDP   6  and NAG   7  | 4C1 (b1 - 3e) 4C1
done.
Setting up the scoring function ... done.
Analyzing the binding site ... done.
Using random seed: -1517098616
Performing search ...
0%   10   20   30   40   50   60   70   80   90   100%
|----|----|----|----|----|----|----|----|----|----|
***************************************************
done.
Refining results ... done.

mode |   affinity |   chi,   |  affinity | dist from best mode
     | (kcal/mol) |   ffe    |  -chi -ff  | rmsd l.b.| rmsd u.b.
-----+------------+---------+--------------------+------------
   1         -9.3   0.0, 0.0      -9.3      0.000      0.000
   2         -9.0   0.0, 0.0      -9.0      6.297     10.259
   3         -8.8   0.0, 0.0      -8.8      1.908      2.549
   4         -8.8   0.0, 0.0      -8.8     10.829     21.507
   5         -8.6   0.0, 0.0      -8.6      8.556     17.133
   6         -8.6   0.0, 0.0      -8.6      3.924      5.950
   7         -8.5   0.0, 0.0      -8.5     11.971     20.853
   8         -8.4   0.0, 0.0      -8.4     12.937     19.300
   9         -8.3   0.0, 0.0      -8.3      1.524      2.346
  10         -8.3   0.0, 0.0      -8.3     10.826     21.210
  11         -8.2   0.0, 0.0      -8.2     11.739     20.676
  12         -8.2   0.0, 0.0      -8.2     13.158     16.476
  13         -8.1   0.0, 0.0      -8.1      8.591     17.096
  14         -8.0   0.0, 0.0      -8.0     11.210     18.291
  15         -8.0   0.0, 0.0      -8.0     12.623     19.183
  16         -8.0   0.0, 0.0      -8.0     10.585     21.384
  17         -8.0   0.0, 0.0      -8.0     13.026     16.640
  18         -7.6   0.0, 0.0      -7.6      5.051      7.035
  19         -7.6   0.0, 0.0      -7.6      9.026     18.249
  20         -7.5   0.0, 0.0      -7.5     11.033     19.656
  21         -7.4   0.0, 0.0      -7.4     12.327     17.878
  22         -7.4   0.0, 0.0      -7.4      2.148      2.993
  23         -7.4   0.0, 0.0      -7.4     10.288     17.296
  24         -7.3   0.0, 0.0      -7.3      8.185     14.478
  25         -7.3   0.0, 0.0      -7.3     13.152     16.340
  26         -7.3   0.0, 0.0      -7.3     17.784     21.994
  27         -7.2   0.0, 0.0      -7.2     10.447     13.594
  28         -7.2   0.0, 0.0      -7.2     10.351     20.500
  29         -7.1   0.0, 0.0      -7.1      8.496     16.947
  30         -7.1   0.0, 0.0      -7.1     17.994     21.901
  31         -7.1   0.0, 0.0      -7.1     16.108     19.824
  32         -7.1   0.0, 0.0      -7.1      5.306     17.111
  33         -7.1   0.0, 0.0      -7.1     25.498     34.813
  34         -7.1   0.0, 0.0      -7.1     16.102     22.122
  35         -7.0   0.0, 0.0      -7.0     18.126     24.141
  36         -7.0   0.0, 0.0      -7.0     10.497     17.289
  37         -6.9   0.0, 0.0      -6.9     25.044     31.199
  38         -6.9   0.0, 0.0      -6.9      9.176     16.190
  39         -6.9   0.0, 0.0      -6.9      5.286     16.102
  40         -6.8   0.0, 0.0      -6.8     25.754     31.360
  41         -6.7   0.0, 0.0      -6.7      8.317     16.565
  42         -6.7   0.0, 0.0      -6.7     12.174     26.780
  43         -6.7   0.0, 0.0      -6.7      8.605     12.922
  44         -6.6   0.0, 0.0      -6.6      9.643     16.463
  45         -6.6   0.0, 0.0      -6.6      9.166     16.880
  46         -6.5   0.0, 0.0      -6.5      8.540     17.117
  47         -6.5   0.0, 0.0      -6.5      5.170     17.984
  48         -6.4   0.0, 0.0      -6.4      8.427     17.040
  49         -6.4   0.0, 0.0      -6.4      8.197     16.940
  50         -6.4   0.0, 0.0      -6.4      5.057      9.993
  51         -6.3   0.0, 0.0      -6.3     11.668     17.445
  52         -6.3   0.0, 0.0      -6.3      4.996     10.482
  53         -6.3   0.0, 0.0      -6.3      5.093      9.693
  54         -6.2   0.0, 0.0      -6.2      9.866     15.985
  55         -6.2   0.0, 0.0      -6.2     12.484     18.220
  56         -6.2   0.0, 0.0      -6.2     10.880     18.869
  57         -6.1   0.0, 0.0      -6.1     30.269     33.950
  58         -6.1   0.0, 0.0      -6.1     32.178     35.022
  59         -6.1   2.3, 0.0      -8.3      1.807      2.182
  60         -6.1   0.0, 0.0      -6.1      9.661     19.701
  61         -6.0   0.0, 0.0      -6.0     26.325     33.022
  62         -6.0   0.0, 0.0      -6.0     26.361     31.570
  63         -6.0   0.0, 0.0      -6.0      8.351     16.853
  64         -6.0   0.0, 0.0      -6.0     31.656     34.606
  65         -5.9   0.0, 0.0      -5.9     24.553     30.338
  66         -5.9   0.0, 0.0      -5.9     10.617     15.269
  67         -5.8   0.0, 0.0      -5.8      9.176     17.805
  68         -5.8   0.0, 0.0      -5.8      9.059     16.326
  69         -5.8   0.0, 0.0      -5.8     26.543     32.012
  70         -5.8   0.0, 0.0      -5.8     30.311     35.431
  71         -5.8   0.0, 0.0      -5.8     29.045     34.653
  72         -5.7   0.0, 0.0      -5.7     26.010     31.839
  73         -5.7   0.0, 0.0      -5.7     26.520     31.680
  74         -5.6   0.0, 0.0      -5.6      9.147     13.743
  75         -5.6   0.0, 0.0      -5.6      4.367      5.866
  76         -5.6   0.0, 0.0      -5.6     16.706     20.160
  77         -5.5   0.0, 0.0      -5.5      9.925     16.270
  78         -5.5   0.0, 0.0      -5.5     10.700     18.659
  79         -5.5   0.0, 0.0      -5.5     10.930     21.261
  80         -5.5   0.0, 0.0      -5.5      8.791     13.679
  81         -5.5   0.0, 0.0      -5.5     17.124     21.837
  82         -5.4   0.0, 0.0      -5.4      5.337     17.730
  83         -5.4   0.0, 0.0      -5.4      4.955      8.940
  84         -5.3   3.2, 0.0      -8.5     10.372     21.350
  85         -5.3   0.0, 0.0      -5.3      9.332     13.554
  86         -5.2   0.0, 0.0      -5.2      9.117     15.061
  87         -5.1   0.0, 0.0      -5.1      9.573     16.874
  88         -5.1   0.0, 0.0      -5.1      5.415     19.696
  89         -5.1   0.0, 0.0      -5.1      9.280     18.543
  90         -5.1   0.0, 0.0      -5.1      9.306     19.129
  91         -5.1   0.0, 0.0      -5.1     26.650     32.787
  92         -5.1   0.0, 0.0      -5.1      8.315     17.805
  93         -5.0   0.0, 0.0      -5.0      9.685     13.463
  94         -5.0   0.0, 0.0      -5.0     21.142     28.088
  95         -4.9   0.0, 0.0      -4.9      5.366     19.500
  96         -4.9   0.0, 0.0      -4.9      6.908      9.815
  97         -4.4   2.5, 0.0      -6.9     10.443     19.447
  98         -4.2   3.2, 0.0      -7.4     24.793     31.115
  99         -3.9   2.6, 0.0      -6.5      8.168     12.936
 100         -3.9   2.0, 0.0      -5.9      7.532     11.049
Writing output ... done.
elapsed time: 3131.183s