#################################################################
#                       GlycoTorch-Vina Results                 #
#################################################################

WARNING: The search space volume > 27000 Angstrom^3 (See FAQ)
ligand.pdbqt
Output will be ligand_out.pdbqt
Detected 8 CPUs
Reading input ...
CHI energy penalties NOT applied to torsion in linkage b/w A00   1  and A00   2  | ??? (?1 - 4e) 4C1
CHI energy penalties applied to torsion in linkage b/w A00   2  and A00   3  | 4C1 (a1 - 4a) 1C4
CHI energy penalties applied to torsion in linkage b/w A00   3  and A00   4  | 1C4 (a1 - 4e) 4C1
done.
Setting up the scoring function ... done.
Analyzing the binding site ... done.
Using random seed: 324359556
Performing search ...
0%   10   20   30   40   50   60   70   80   90   100%
|----|----|----|----|----|----|----|----|----|----|
***************************************************
done.
Refining results ... done.

mode |   affinity |   chi,   |  affinity | dist from best mode
     | (kcal/mol) |   ffe    |  -chi -ff  | rmsd l.b.| rmsd u.b.
-----+------------+---------+--------------------+------------
   1         -7.9   0.0, 0.0      -7.9      0.000      0.000
   2         -7.7   0.0, 0.0      -7.7     35.876     40.227
   3         -7.5   0.0, 0.0      -7.5     27.145     31.330
   4         -7.5   0.0, 0.0      -7.5     34.909     39.802
   5         -7.4   0.0, 0.0      -7.4     33.803     38.008
   6         -7.4   0.0, 0.0      -7.4      3.383      4.888
   7         -7.3   0.0, 0.0      -7.3     32.946     39.343
   8         -7.2   0.0, 0.0      -7.2     34.616     39.122
   9         -7.2   0.0, 0.0      -7.2     31.955     36.391
  10         -7.1   0.0, 0.0      -7.1     26.882     31.402
  11         -6.9   0.0, 0.0      -6.9     26.973     31.425
  12         -6.9   0.0, 0.0      -6.9     39.537     43.554
  13         -6.9   0.0, 0.0      -6.9      3.156      6.106
  14         -6.7   0.0, 0.0      -6.7     14.726     21.683
  15         -6.7   0.0, 0.0      -6.7     11.073     19.460
  16         -6.6   0.0, 0.0      -6.6     40.900     44.830
  17         -6.6   0.0, 0.0      -6.6     16.883     22.162
  18         -6.4   0.0, 0.0      -6.4     15.421     22.313
  19         -6.2   0.0, 0.0      -6.2     40.416     44.719
  20         -6.0   0.0, 0.0      -6.0     22.669     27.749
  21         -6.0   0.0, 0.0      -6.0     28.148     32.530
  22         -5.9   0.0, 0.0      -5.9     40.432     44.154
  23         -5.8   0.0, 0.0      -5.8     16.197     21.173
  24         -5.8   0.0, 0.0      -5.8     21.648     27.532
  25         -5.8   0.0, 0.0      -5.8     40.125     44.232
  26         -5.5   0.0, 0.0      -5.5     28.850     34.191
  27         -5.4   0.0, 0.0      -5.4     26.820     32.079
  28         -5.3   0.0, 0.0      -5.3     23.757     28.821
  29         -5.3   0.0, 0.0      -5.3     26.495     31.821
  30         -5.3   0.0, 0.0      -5.3     16.187     23.110
  31         -5.2   0.0, 0.0      -5.2     35.296     40.483
  32         -5.1   0.0, 0.0      -5.1     26.327     31.359
  33         -5.1   0.0, 0.0      -5.1     22.667     28.872
  34         -5.1   0.0, 0.0      -5.1     15.914     20.821
  35         -5.0   0.0, 0.0      -5.0     29.419     35.088
  36         -4.9   0.0, 0.0      -4.9     29.012     34.171
  37         -4.9   0.0, 0.0      -4.9     28.631     34.538
  38         -4.7   0.0, 0.0      -4.7     26.953     32.356
  39         -4.7   0.0, 0.0      -4.7     35.543     42.019
  40         -4.6   0.0, 0.0      -4.6     39.284     43.510
  41         -4.3   0.0, 0.0      -4.3     29.169     34.311
  42         -4.2   0.0, 0.0      -4.2     36.521     41.274
  43         -4.2   0.0, 0.0      -4.2     21.132     26.568
  44         -4.1   0.0, 0.0      -4.1     29.173     32.931
  45         -4.1   0.0, 0.0      -4.1     28.961     34.779
  46         -4.0   0.0, 0.0      -4.0     40.525     44.015
  47         -3.9   0.0, 0.0      -3.9     28.906     34.673
  48         -3.9   0.0, 0.0      -3.9     28.980     34.969
  49         -3.8   0.0, 0.0      -3.8     24.734     30.299
  50         -3.6   0.0, 0.0      -3.6     21.990     27.098
  51         -3.6   0.0, 0.0      -3.6     29.117     34.704
  52         -3.5   0.0, 0.0      -3.5     28.692     34.475
  53         -3.3   0.0, 0.0      -3.3     29.586     35.485
  54         -3.2   0.0, 0.0      -3.2     18.759     24.941
  55         -2.8   0.0, 0.0      -2.8     29.538     35.641
  56         -2.7   0.0, 0.0      -2.7     20.642     27.132
  57         -2.6   0.0, 0.0      -2.6     44.899     48.615
  58         -2.5   0.0, 0.0      -2.5     17.524     23.910
  59         -2.5   2.6, 0.0      -5.1     17.361     22.055
  60         -2.4   0.0, 0.0      -2.4     13.394     16.863
  61         -2.4   2.6, 0.0      -5.0     29.634     34.446
  62         -2.4   0.0, 0.0      -2.4     29.977     35.604
  63         -2.4   0.0, 0.0      -2.4     13.998     17.427
  64         -2.1   0.0, 0.0      -2.1     31.319     34.906
  65         -2.0   0.0, 0.0      -2.0     46.142     51.879
  66         -2.0   0.0, 0.0      -2.0     14.565     18.519
  67         -1.9   2.1, 0.0      -4.0     29.558     35.160
  68         -1.8   2.5, 0.0      -4.3     30.778     36.384
  69         -1.5   0.0, 0.0      -1.5     27.789     34.544
  70         -1.4   0.0, 0.0      -1.4     83.691     88.038
  71         -1.4   0.0, 0.0      -1.4     47.254     51.735
  72         -1.3   0.0, 0.0      -1.3     46.939     52.736
  73         -1.3   0.0, 0.0      -1.3     84.839     88.587
  74         -1.3   0.0, 0.0      -1.3     58.620     63.739
  75         -1.3   0.0, 0.0      -1.3     58.428     62.325
  76         -1.3   0.0, 0.0      -1.3     57.499     61.596
  77         -1.3   0.0, 0.0      -1.3     60.776     64.593
  78         -1.3   0.0, 0.0      -1.3     60.667     65.854
  79         -1.3   0.0, 0.0      -1.3     62.003     66.356
  80         -1.3   0.0, 0.0      -1.3     60.651     64.882
  81         -1.3   0.0, 0.0      -1.3     52.657     58.370
  82         -1.3   0.0, 0.0      -1.3     76.528     80.996
  83         -1.3   0.0, 0.0      -1.3     39.401     43.658
  84         -1.3   0.0, 0.0      -1.3     84.830     91.301
  85         -1.3   0.0, 0.0      -1.3     79.087     83.311
  86         -1.3   0.0, 0.0      -1.3     89.604     93.547
  87         -1.3   0.0, 0.0      -1.3     59.348     64.704
  88         -1.3   0.0, 0.0      -1.3     94.244     97.690
  89         -1.3   0.0, 0.0      -1.3     50.417     53.897
  90         -1.3   0.0, 0.0      -1.3     63.322     66.972
  91         -1.3   0.0, 0.0      -1.3     60.306     65.147
  92         -1.3   0.0, 0.0      -1.3     57.764     61.303
  93         -1.3   0.0, 0.0      -1.3     61.083     65.723
  94         -1.3   0.0, 0.0      -1.3     71.582     76.666
  95         -1.2   3.8, 0.0      -5.0     28.999     32.603
  96         -1.0   2.6, 0.0      -3.6     28.205     33.401
  97         -0.7   2.2, 0.0      -2.9     29.712     34.583
  98         -0.5   2.7, 0.0      -3.2     30.678     36.276
  99          0.1   6.0, 0.0      -5.9     26.987     32.183
 100          0.4   5.6, 0.0      -5.2     29.195     33.284
Writing output ... done.
elapsed time: 1602.809s