#################################################################
#                       GlycoTorch-Vina Results                 #
#################################################################

WARNING: The search space volume > 27000 Angstrom^3 (See FAQ)
3x2m_ligand.pdbqt
Output will be 3x2m_ligand_out.pdbqt
Detected 8 CPUs
Reading input ...
CHI energy penalties applied to torsion in linkage b/w BGC   1  and BGC   2  | 4C1 (b1 - 4e) 4C1
CHI energy penalties applied to torsion in linkage b/w BGC   2  and BGC   3  | 4C1 (b1 - 4e) 4C1
CHI energy penalties applied to torsion in linkage b/w BGC   3  and BGC   4  | 4C1 (b1 - 4e) 4C1
CHI energy penalties NOT applied to torsion in linkage b/w BGC   4  and BGC   5  | 4C1 (b1 - 4a) ???
done.
Setting up the scoring function ... done.
Analyzing the binding site ... done.
Using random seed: 1216570156
Performing search ...
0%   10   20   30   40   50   60   70   80   90   100%
|----|----|----|----|----|----|----|----|----|----|
***************************************************
done.
Refining results ... done.

mode |   affinity |   chi,   |  affinity | dist from best mode
     | (kcal/mol) |   ffe    |  -chi -ff  | rmsd l.b.| rmsd u.b.
-----+------------+---------+--------------------+------------
   1        -10.5   0.0, 0.0      -10.5      0.000      0.000
   2        -10.1   0.0, 0.0      -10.1      2.365      6.026
   3         -9.8   0.0, 0.0      -9.8      3.035     15.927
   4         -9.5   0.0, 0.0      -9.5      2.233      5.967
   5         -9.5   0.0, 0.0      -9.5      1.951     14.471
   6         -9.5   0.0, 0.0      -9.5      1.484     14.486
   7         -9.4   0.0, 0.0      -9.4      1.830     14.658
   8         -8.9   0.0, 0.0      -8.9      2.690      6.460
   9         -8.7   0.0, 0.0      -8.7      3.497     16.351
  10         -8.5   0.0, 0.0      -8.5      8.511     16.263
  11         -8.4   0.0, 0.0      -8.4      2.628     15.344
  12         -8.3   0.0, 0.0      -8.3      4.932     11.040
  13         -8.3   0.0, 0.0      -8.3      1.971      3.975
  14         -8.2   0.0, 0.0      -8.2      3.340      6.755
  15         -8.1   0.0, 0.0      -8.1      8.734     16.749
  16         -7.5   0.0, 0.0      -7.5     21.903     25.555
  17         -7.4   0.0, 0.0      -7.4      4.130      9.306
  18         -7.3   0.0, 0.0      -7.3      3.543      8.001
  19         -7.2   0.0, 0.0      -7.2      2.602      6.205
  20         -7.1   0.0, 0.0      -7.1      3.361      7.255
  21         -7.0   0.0, 0.0      -7.0      2.569      6.006
  22         -6.8   0.0, 0.0      -6.8     22.357     24.834
  23         -6.7   0.0, 0.0      -6.7      2.865      5.908
  24         -6.6   0.0, 0.0      -6.6      5.863     15.555
  25         -6.5   0.0, 0.0      -6.5     14.259     20.649
  26         -6.5   0.0, 0.0      -6.5     21.455     26.596
  27         -6.5   0.0, 0.0      -6.5     21.450     25.747
  28         -6.3   0.0, 0.0      -6.3     24.001     27.032
  29         -6.3   0.0, 0.0      -6.3     14.101     15.772
  30         -6.3   0.0, 0.0      -6.3     11.669     14.418
  31         -6.3   0.0, 0.0      -6.3     22.845     26.314
  32         -6.3   0.0, 0.0      -6.3     19.957     22.323
  33         -6.2   0.0, 0.0      -6.2      5.367     15.174
  34         -6.2   0.0, 0.0      -6.2      3.554      7.496
  35         -6.2   0.0, 0.0      -6.2     26.141     28.068
  36         -6.2   0.0, 0.0      -6.2     21.608     26.122
  37         -6.2   0.0, 0.0      -6.2     13.004     19.446
  38         -6.2   0.0, 0.0      -6.2     11.000     17.405
  39         -6.1   0.0, 0.0      -6.1     20.857     22.822
  40         -6.1   0.0, 0.0      -6.1     22.539     26.085
  41         -6.1   0.0, 0.0      -6.1     24.955     27.482
  42         -6.0   0.0, 0.0      -6.0      6.020     12.137
  43         -6.0   0.0, 0.0      -6.0     16.869     18.918
  44         -6.0   0.0, 0.0      -6.0      6.103     15.587
  45         -6.0   0.0, 0.0      -6.0     21.806     26.343
  46         -6.0   0.0, 0.0      -6.0     12.581     18.392
  47         -5.9   0.0, 0.0      -5.9     21.613     23.662
  48         -5.9   0.0, 0.0      -5.9     14.926     16.829
  49         -5.9   0.0, 0.0      -5.9     22.325     26.608
  50         -5.9   0.0, 0.0      -5.9      3.986      7.509
  51         -5.9   0.0, 0.0      -5.9     14.885     16.725
  52         -5.8   0.0, 0.0      -5.8     21.841     23.871
  53         -5.8   0.0, 0.0      -5.8      3.878     14.548
  54         -5.8   0.0, 0.0      -5.8     19.666     22.924
  55         -5.8   0.0, 0.0      -5.8     20.091     23.026
  56         -5.8   0.0, 0.0      -5.8     21.384     25.550
  57         -5.8   0.0, 0.0      -5.8     22.059     25.549
  58         -5.7   0.0, 0.0      -5.7     12.084     16.648
  59         -5.7   0.0, 0.0      -5.7     22.484     24.662
  60         -5.7   0.0, 0.0      -5.7     21.376     23.608
  61         -5.7   0.0, 0.0      -5.7     22.455     26.728
  62         -5.7   0.0, 0.0      -5.7     20.640     25.342
  63         -5.7   0.0, 0.0      -5.7     18.630     23.103
  64         -5.7   0.0, 0.0      -5.7     13.675     20.136
  65         -5.7   0.0, 0.0      -5.7     20.637     23.030
  66         -5.7   0.0, 0.0      -5.7     12.308     21.910
  67         -5.6   0.0, 0.0      -5.6     15.472     24.399
  68         -5.6   0.0, 0.0      -5.6     21.531     25.097
  69         -5.6   0.0, 0.0      -5.6     21.669     24.384
  70         -5.6   0.0, 0.0      -5.6     13.284     21.069
  71         -5.5   0.0, 0.0      -5.5     12.688     18.919
  72         -5.5   0.0, 0.0      -5.5      4.756      7.663
  73         -5.5   0.0, 0.0      -5.5     12.620     21.831
  74         -5.4   0.0, 0.0      -5.4     20.265     22.479
  75         -5.4   0.0, 0.0      -5.4     21.558     26.635
  76         -5.4   0.0, 0.0      -5.4     10.272     15.772
  77         -5.4   0.0, 0.0      -5.4     14.601     22.073
  78         -5.4   0.0, 0.0      -5.4     22.234     27.213
  79         -5.4   0.0, 0.0      -5.4     19.922     22.563
  80         -5.4   0.0, 0.0      -5.4     20.777     25.888
  81         -5.4   0.0, 0.0      -5.4     19.881     24.044
  82         -5.4   0.0, 0.0      -5.4     25.641     28.289
  83         -5.3   0.0, 0.0      -5.3      3.610      6.612
  84         -5.3   0.0, 0.0      -5.3     22.049     25.237
  85         -5.3   0.0, 0.0      -5.3     13.669     21.638
  86         -5.3   0.0, 0.0      -5.3     14.228     16.269
  87         -5.2   0.0, 0.0      -5.2     23.454     25.843
  88         -5.2   0.0, 0.0      -5.2     15.787     17.719
  89         -5.2   0.0, 0.0      -5.2     26.863     28.743
  90         -5.2   0.0, 0.0      -5.2     15.217     24.837
  91         -5.2   0.0, 0.0      -5.2     22.446     26.710
  92         -5.2   0.0, 0.0      -5.2     13.309     19.674
  93         -5.2   0.0, 0.0      -5.2     27.391     31.977
  94         -5.1   0.0, 0.0      -5.1     16.143     18.047
  95         -5.1   0.0, 0.0      -5.1     21.452     23.259
  96         -5.1   0.0, 0.0      -5.1     21.759     24.138
  97         -5.1   0.0, 0.0      -5.1     22.046     26.040
  98         -5.1   0.0, 0.0      -5.1     17.156     22.670
  99         -5.0   0.0, 0.0      -5.0     22.515     26.906
 100         -4.7   2.5, 0.0      -7.2      4.249      9.619
Writing output ... done.
elapsed time: 528.018s