#################################################################
#                       GlycoTorch-Vina Results                 #
#################################################################

WARNING: The search space volume > 27000 Angstrom^3 (See FAQ)
ligand.pdbqt
Output will be ligand_out.pdbqt
Detected 8 CPUs
Reading input ...
CHI energy penalties NOT applied to torsion in linkage b/w A00   1  and A00   2  | ??? (?1 - 4e) 4C1
CHI energy penalties applied to torsion in linkage b/w A00   2  and A00   3  | 4C1 (a1 - 4a) 1C4
CHI energy penalties applied to torsion in linkage b/w A00   3  and A00   4  | 1C4 (a1 - 4e) 4C1
done.
Setting up the scoring function ... done.
Analyzing the binding site ... done.
Using random seed: -45879040
Performing search ...
0%   10   20   30   40   50   60   70   80   90   100%
|----|----|----|----|----|----|----|----|----|----|
***************************************************
done.
Refining results ... done.

mode |   affinity |   chi,   |  affinity | dist from best mode
     | (kcal/mol) |   ffe    |  -chi -ff  | rmsd l.b.| rmsd u.b.
-----+------------+---------+--------------------+------------
   1         -7.8   0.0, 0.0      -7.8      0.000      0.000
   2         -7.5   0.0, 0.0      -7.5      3.249      6.603
   3         -7.5   0.0, 0.0      -7.5      3.700      7.242
   4         -7.1   0.0, 0.0      -7.1     56.041     61.025
   5         -6.7   0.0, 0.0      -6.7      4.223      8.122
   6         -6.6   0.0, 0.0      -6.6     39.342     43.458
   7         -6.5   0.0, 0.0      -6.5     39.689     45.774
   8         -6.4   0.0, 0.0      -6.4      3.192      5.810
   9         -6.4   0.0, 0.0      -6.4      3.228      6.103
  10         -6.1   0.0, 0.0      -6.1      3.613      8.529
  11         -6.0   0.0, 0.0      -6.0      3.682      9.578
  12         -5.8   0.0, 0.0      -5.8      3.668      8.482
  13         -5.2   0.0, 0.0      -5.2     44.491     50.117
  14         -5.2   0.0, 0.0      -5.2      3.649      5.348
  15         -5.1   0.0, 0.0      -5.1      5.829     10.038
  16         -4.4   0.0, 0.0      -4.4     44.058     49.281
  17         -4.2   0.0, 0.0      -4.2     40.448     45.786
  18         -3.8   0.0, 0.0      -3.8     44.904     50.482
  19         -3.8   0.0, 0.0      -3.8     42.185     46.743
  20         -3.7   0.0, 0.0      -3.7     40.225     45.441
  21         -3.7   0.0, 0.0      -3.7     44.530     49.804
  22         -3.6   0.0, 0.0      -3.6     42.211     47.279
  23         -3.5   0.0, 0.0      -3.5     43.798     47.493
  24         -3.3   0.0, 0.0      -3.3     41.561     46.313
  25         -3.2   0.0, 0.0      -3.2     40.168     44.040
  26         -3.1   0.0, 0.0      -3.1     39.707     44.455
  27         -3.1   0.0, 0.0      -3.1     36.819     43.907
  28         -3.0   0.0, 0.0      -3.0     43.888     48.932
  29         -3.0   0.0, 0.0      -3.0     44.893     51.340
  30         -3.0   0.0, 0.0      -3.0     41.720     45.692
  31         -2.9   0.0, 0.0      -2.9      6.627     12.043
  32         -2.8   0.0, 0.0      -2.8     39.295     45.961
  33         -2.5   0.0, 0.0      -2.5     36.997     44.127
  34         -2.2   0.0, 0.0      -2.2     40.532     46.117
  35         -2.1   0.0, 0.0      -2.1     36.697     42.962
  36         -2.1   2.5, 0.0      -4.5     10.018     15.390
  37         -1.6   0.0, 0.0      -1.6    103.394    108.327
  38         -1.5   2.2, 0.0      -3.8     10.356     18.067
  39         -1.5   0.0, 0.0      -1.5     85.252     90.412
  40         -1.5   0.0, 0.0      -1.5     77.532     82.140
  41         -1.5   0.0, 0.0      -1.5     58.481     64.258
  42         -1.5   0.0, 0.0      -1.5    103.966    109.579
  43         -1.5   0.0, 0.0      -1.5     83.866     88.427
  44         -1.5   0.0, 0.0      -1.5     65.772     69.994
  45         -1.5   0.0, 0.0      -1.5     66.643     70.112
  46         -1.5   0.0, 0.0      -1.5     59.005     64.225
  47         -1.5   0.0, 0.0      -1.5     65.379     69.173
  48         -1.5   0.0, 0.0      -1.5     82.643     86.347
  49         -1.5   0.0, 0.0      -1.5     63.961     69.387
  50         -1.5   0.0, 0.0      -1.5     95.216    100.047
  51         -1.5   0.0, 0.0      -1.5     64.134     69.562
  52         -1.5   0.0, 0.0      -1.5     85.205     89.828
  53         -1.5   0.0, 0.0      -1.5     89.569     94.327
  54         -1.5   0.0, 0.0      -1.5     90.942     95.091
  55         -1.5   0.0, 0.0      -1.5     77.323     81.684
  56         -1.5   0.0, 0.0      -1.5     74.609     79.796
  57         -1.5   0.0, 0.0      -1.5    114.860    120.493
  58         -1.5   0.0, 0.0      -1.5     82.015     86.270
  59         -1.5   0.0, 0.0      -1.5    101.398    105.667
  60         -1.5   0.0, 0.0      -1.5     65.962     69.940
  61         -1.5   0.0, 0.0      -1.5     59.948     64.839
  62         -1.5   0.0, 0.0      -1.5     59.788     64.419
  63         -1.5   0.0, 0.0      -1.5     88.099     92.702
  64         -1.5   0.0, 0.0      -1.5     47.174     52.083
  65         -1.5   0.0, 0.0      -1.5     69.162     75.635
  66         -1.5   0.0, 0.0      -1.5    104.368    110.701
  67         -1.5   0.0, 0.0      -1.5     96.010    100.526
  68         -1.5   0.0, 0.0      -1.5     46.111     50.946
  69         -1.5   0.0, 0.0      -1.5     75.246     80.733
  70         -1.5   0.0, 0.0      -1.5     71.778     76.995
  71         -1.5   0.0, 0.0      -1.5    111.388    116.355
  72         -1.5   0.0, 0.0      -1.5     78.246     82.885
  73         -1.5   0.0, 0.0      -1.5     67.061     71.225
  74         -1.5   0.0, 0.0      -1.5     71.986     77.503
  75         -1.5   0.0, 0.0      -1.5     83.100     87.474
  76         -1.5   0.0, 0.0      -1.5     77.947     83.378
  77         -1.5   0.0, 0.0      -1.5     60.926     65.596
  78         -1.5   0.0, 0.0      -1.5     38.941     43.859
  79         -1.5   0.0, 0.0      -1.5     43.634     49.986
  80         -1.5   0.0, 0.0      -1.5     90.321     94.880
  81         -1.5   0.0, 0.0      -1.5    110.328    115.411
  82         -1.5   0.0, 0.0      -1.5     86.053     89.677
  83         -1.5   0.0, 0.0      -1.5     99.795    105.045
  84         -1.5   0.0, 0.0      -1.5    108.191    114.111
  85         -1.5   0.0, 0.0      -1.5     44.534     50.640
  86         -1.5   0.0, 0.0      -1.5     80.599     85.763
  87         -1.5   0.0, 0.0      -1.5    114.815    120.032
  88         -1.5   0.0, 0.0      -1.5    102.219    107.338
  89         -1.5   0.0, 0.0      -1.5     50.715     55.627
  90         -1.5   0.0, 0.0      -1.5    122.037    127.130
  91         -1.5   2.1, 0.0      -3.6     42.295     46.603
  92         -1.5   0.0, 0.0      -1.5    120.346    125.363
  93         -1.5   0.0, 0.0      -1.5    108.718    114.924
  94         -1.5   0.0, 0.0      -1.5    105.558    109.504
  95         -1.5   0.0, 0.0      -1.5     76.216     80.621
  96         -1.5   0.0, 0.0      -1.5     71.694     76.907
  97         -1.5   0.0, 0.0      -1.5    122.078    127.477
  98         -1.5   0.0, 0.0      -1.5     94.521     98.312
  99         -1.5   0.0, 0.0      -1.5     98.774    103.843
 100         -0.8   2.2, 0.0      -3.0     10.442     17.656
Writing output ... done.
elapsed time: 1626.224s