#################################################################
#                       GlycoTorch-Vina Results                 #
#################################################################

WARNING: The search space volume > 27000 Angstrom^3 (See FAQ)
ligand.pdbqt
Output will be ligand_out.pdbqt
Detected 8 CPUs
Reading input ...
CHI energy penalties NOT applied to torsion in linkage b/w A00   1  and A00   2  | ??? (?1 - 4e) 4C1
CHI energy penalties applied to torsion in linkage b/w A00   2  and A00   3  | 4C1 (a1 - 4a) 1C4
CHI energy penalties applied to torsion in linkage b/w A00   3  and A00   4  | 1C4 (a1 - 4e) 4C1
done.
Setting up the scoring function ... done.
Analyzing the binding site ... done.
Using random seed: 1057005764
Performing search ...
0%   10   20   30   40   50   60   70   80   90   100%
|----|----|----|----|----|----|----|----|----|----|
***************************************************
done.
Refining results ... done.

mode |   affinity |   chi,   |  affinity | dist from best mode
     | (kcal/mol) |   ffe    |  -chi -ff  | rmsd l.b.| rmsd u.b.
-----+------------+---------+--------------------+------------
   1         -4.9   0.0, 0.0      -4.9      0.000      0.000
   2         -4.6   0.0, 0.0      -4.6      2.836      9.114
   3         -3.5   0.0, 0.0      -3.5      2.902      8.248
   4         -3.5   0.0, 0.0      -3.5      1.873      2.573
   5         -2.7   0.0, 0.0      -2.7      3.609      7.058
   6         -2.7   0.0, 0.0      -2.7      3.731      9.756
   7         -2.3   0.0, 0.0      -2.3      3.460      8.893
   8         -2.2   0.0, 0.0      -2.2      3.353      8.765
   9         -1.9   0.0, 0.0      -1.9      3.099      5.588
  10         -1.6   0.0, 0.0      -1.6      4.185      9.881
  11         -1.2   0.0, 0.0      -1.2      3.180      5.541
  12         -0.6   0.0, 0.0      -0.6      4.778     11.327
  13         -0.5   0.0, 0.0      -0.5      4.737      9.648
  14         -0.4   0.0, 0.0      -0.4      5.939     10.564
  15         -0.3   0.0, 0.0      -0.3      7.350     13.561
  16         -0.2   0.0, 0.0      -0.2     35.541     43.004
  17         -0.2   0.0, 0.0      -0.2     45.945     51.106
  18         -0.2   0.0, 0.0      -0.2     37.502     42.458
  19         -0.2   0.0, 0.0      -0.2     65.993     69.836
  20         -0.2   0.0, 0.0      -0.2     63.681     67.929
  21         -0.2   0.0, 0.0      -0.2     52.768     57.032
  22         -0.2   0.0, 0.0      -0.2     56.908     61.253
  23         -0.2   0.0, 0.0      -0.2     56.651     61.307
  24         -0.2   0.0, 0.0      -0.2     53.561     58.224
  25         -0.2   0.0, 0.0      -0.2     49.751     54.392
  26         -0.2   0.0, 0.0      -0.2     50.684     55.251
  27         -0.2   0.0, 0.0      -0.2     48.638     53.663
  28         -0.2   0.0, 0.0      -0.2     54.959     58.170
  29         -0.2   0.0, 0.0      -0.2     49.352     53.725
  30         -0.2   0.0, 0.0      -0.2     64.291     68.272
  31         -0.2   0.0, 0.0      -0.2     64.700     68.780
  32         -0.2   0.0, 0.0      -0.2     28.579     34.032
  33         -0.2   0.0, 0.0      -0.2     50.326     55.609
  34         -0.2   0.0, 0.0      -0.2     29.517     36.135
  35         -0.2   0.0, 0.0      -0.2     58.949     63.407
  36         -0.2   0.0, 0.0      -0.2     79.963     84.708
  37         -0.2   0.0, 0.0      -0.2     25.472     30.835
  38         -0.2   0.0, 0.0      -0.2     60.767     64.989
  39         -0.2   0.0, 0.0      -0.2     52.593     57.376
  40         -0.2   0.0, 0.0      -0.2     59.590     63.786
  41         -0.2   0.0, 0.0      -0.2     51.390     56.102
  42         -0.2   0.0, 0.0      -0.2     52.943     57.403
  43         -0.2   0.0, 0.0      -0.2     65.250     69.819
  44         -0.2   0.0, 0.0      -0.2     31.732     36.298
  45         -0.2   0.0, 0.0      -0.2     41.421     45.494
  46         -0.2   0.0, 0.0      -0.2     22.615     26.860
  47         -0.2   0.0, 0.0      -0.2     32.370     37.035
  48         -0.2   0.0, 0.0      -0.2     63.445     67.130
  49         -0.2   0.0, 0.0      -0.2     26.221     30.685
  50         -0.2   0.0, 0.0      -0.2     27.465     32.352
  51         -0.2   0.0, 0.0      -0.2     63.717     67.336
  52         -0.2   0.0, 0.0      -0.2     59.194     63.398
  53         -0.2   0.0, 0.0      -0.2     66.776     71.786
  54         -0.2   0.0, 0.0      -0.2     30.947     35.023
  55         -0.2   0.0, 0.0      -0.2     33.962     38.556
  56         -0.2   0.0, 0.0      -0.2     37.982     42.172
  57         -0.2   0.0, 0.0      -0.2     41.346     45.473
  58         -0.2   0.0, 0.0      -0.2     36.087     40.626
  59         -0.2   0.0, 0.0      -0.2     18.949     23.515
  60         -0.2   0.0, 0.0      -0.2     63.267     68.268
  61         -0.2   0.0, 0.0      -0.2     37.888     42.540
  62         -0.2   0.0, 0.0      -0.2     59.222     63.172
  63         -0.2   0.0, 0.0      -0.2     60.590     64.842
  64         -0.2   0.0, 0.0      -0.2     68.869     73.233
  65         -0.2   0.0, 0.0      -0.2     45.288     49.340
  66         -0.2   0.0, 0.0      -0.2     43.290     47.248
  67         -0.2   0.0, 0.0      -0.2     73.435     79.174
  68         -0.2   0.0, 0.0      -0.2     58.067     62.314
  69         -0.2   0.0, 0.0      -0.2     59.843     63.863
  70         -0.2   0.0, 0.0      -0.2     65.387     70.454
  71         -0.2   0.0, 0.0      -0.2     61.991     66.325
  72         -0.2   0.0, 0.0      -0.2     52.789     56.898
  73         -0.2   0.0, 0.0      -0.2     61.914     66.266
  74         -0.2   0.0, 0.0      -0.2     45.548     50.045
  75         -0.2   0.0, 0.0      -0.2     54.228     58.617
  76         -0.2   0.0, 0.0      -0.2     75.085     79.485
  77         -0.2   0.0, 0.0      -0.2     45.541     50.497
  78         -0.2   0.0, 0.0      -0.2     58.249     61.913
  79         -0.2   0.0, 0.0      -0.2     57.325     61.511
  80         -0.2   0.0, 0.0      -0.2     57.196     61.174
  81         -0.2   0.0, 0.0      -0.2     57.504     61.625
  82         -0.2   0.0, 0.0      -0.2     61.452     65.211
  83         -0.2   0.0, 0.0      -0.2     26.078     29.976
  84         -0.2   0.0, 0.0      -0.2     48.855     53.241
  85         -0.2   0.0, 0.0      -0.2     52.485     55.726
  86         -0.2   0.0, 0.0      -0.2     34.046     38.410
  87         -0.2   0.0, 0.0      -0.2     37.006     41.391
  88         -0.2   0.0, 0.0      -0.2     63.429     67.709
  89         -0.2   0.0, 0.0      -0.2     22.678     27.094
  90         -0.2   0.0, 0.0      -0.2     60.803     64.955
  91         -0.2   0.0, 0.0      -0.2     66.830     70.684
  92         -0.2   0.0, 0.0      -0.2     35.168     39.598
  93         -0.2   0.0, 0.0      -0.2     61.389     64.937
  94         -0.2   0.0, 0.0      -0.2     41.861     46.038
  95         -0.2   0.0, 0.0      -0.2     49.496     53.295
  96         -0.1   0.0, 0.0      -0.1     43.059     47.221
  97         -0.1   0.0, 0.0      -0.1     51.190     55.358
  98         -0.1   0.0, 0.0      -0.1     46.062     50.715
  99         -0.1   0.0, 0.0      -0.1     31.360     34.942
 100          0.5   2.2, 0.0      -1.7      3.205      8.984
Writing output ... done.
elapsed time: 2018.762s