#################################################################
#                       GlycoTorch-Vina Results                 #
#################################################################

WARNING: The search space volume > 27000 Angstrom^3 (See FAQ)
1gmn_ligand.pdbqt
Output will be 1gmn_ligand_out.pdbqt
Detected 8 CPUs
Reading input ...
CHI energy penalties applied to torsion in linkage b/w IDS   1  and SGN   2  | 2SO (?1 - 4e) 4C1
CHI energy penalties NOT applied to torsion in linkage b/w SGN   2  and IDS   3  | 4C1 (?1 - 4a) 1C4
CHI energy penalties NOT applied to torsion in linkage b/w IDS   3  and SGN   4  | 1C4 (?1 - 4e) 4C1
CHI energy penalties NOT applied to torsion in linkage b/w SGN   4  and IDS   5  | 4C1 (?1 - 4a) 2SO
done.
Setting up the scoring function ... done.
Analyzing the binding site ... done.
Using random seed: 1969435500
Performing search ...
0%   10   20   30   40   50   60   70   80   90   100%
|----|----|----|----|----|----|----|----|----|----|
***************************************************
done.
Refining results ... done.

mode |   affinity |   chi,   |  affinity | dist from best mode
     | (kcal/mol) |   ffe    |  -chi -ff  | rmsd l.b.| rmsd u.b.
-----+------------+---------+--------------------+------------
   1         -8.2   0.0, 0.0      -8.2      0.000      0.000
   2         -7.7   0.0, 0.0      -7.7      8.223     17.337
   3         -7.7   0.0, 0.0      -7.7      6.486     16.747
   4         -7.5   0.0, 0.0      -7.5      6.122     11.248
   5         -7.5   0.0, 0.0      -7.5      6.731     12.154
   6         -7.5   0.0, 0.0      -7.5      6.575     16.413
   7         -7.4   0.0, 0.0      -7.4      6.434     15.847
   8         -7.4   0.0, 0.0      -7.4      6.566     16.112
   9         -7.4   0.0, 0.0      -7.4      5.084      9.307
  10         -7.3   0.0, 0.0      -7.3     13.490     22.258
  11         -7.2   0.0, 0.0      -7.2      5.269      8.769
  12         -7.2   0.0, 0.0      -7.2      4.958      7.760
  13         -7.2   0.0, 0.0      -7.2     13.233     20.902
  14         -7.2   0.0, 0.0      -7.2      6.744     13.539
  15         -7.2   0.0, 0.0      -7.2      8.473     15.675
  16         -7.2   0.0, 0.0      -7.2      8.470     15.863
  17         -7.1   0.0, 0.0      -7.1      6.670     16.926
  18         -7.0   0.0, 0.0      -7.0      8.354     14.310
  19         -7.0   0.0, 0.0      -7.0      8.334     17.515
  20         -7.0   0.0, 0.0      -7.0     11.526     15.689
  21         -6.9   0.0, 0.0      -6.9     10.521     16.402
  22         -6.9   0.0, 0.0      -6.9     10.147     15.724
  23         -6.8   0.0, 0.0      -6.8      4.103      5.981
  24         -6.7   0.0, 0.0      -6.7      7.434     16.696
  25         -6.7   0.0, 0.0      -6.7     10.574     16.167
  26         -6.6   0.0, 0.0      -6.6     12.917     19.163
  27         -6.6   0.0, 0.0      -6.6      8.006     15.545
  28         -6.6   0.0, 0.0      -6.6     11.570     17.218
  29         -6.5   0.0, 0.0      -6.5      8.933     16.022
  30         -6.5   0.0, 0.0      -6.5     10.631     16.717
  31         -6.3   0.0, 0.0      -6.3     10.547     16.312
  32         -6.3   0.0, 0.0      -6.3      7.210     16.033
  33         -6.1   0.0, 0.0      -6.1     16.501     23.560
  34         -6.1   0.0, 0.0      -6.1      5.109      8.522
  35         -6.0   0.0, 0.0      -6.0      8.386     13.708
  36         -6.0   0.0, 0.0      -6.0     10.785     19.783
  37         -5.9   0.0, 0.0      -5.9      7.644     14.915
  38         -5.9   0.0, 0.0      -5.9     12.954     20.798
  39         -5.9   0.0, 0.0      -5.9      3.501     13.027
  40         -5.9   0.0, 0.0      -5.9      5.145      9.486
  41         -5.8   0.0, 0.0      -5.8     11.358     17.543
  42         -5.8   0.0, 0.0      -5.8     14.982     21.577
  43         -5.7   0.0, 0.0      -5.7     11.243     18.033
  44         -5.7   0.0, 0.0      -5.7     10.105     17.466
  45         -5.7   0.0, 0.0      -5.7      7.448     14.608
  46         -5.5   0.0, 0.0      -5.5      4.267      6.705
  47         -5.4   0.0, 0.0      -5.4      5.098      8.995
  48         -5.3   0.0, 0.0      -5.3     13.331     18.939
  49         -5.2   0.0, 0.0      -5.2     12.352     17.698
  50         -5.2   0.0, 0.0      -5.2      8.282     17.665
  51         -5.2   0.0, 0.0      -5.2     17.124     23.267
  52         -5.1   0.0, 0.0      -5.1      6.522     13.047
  53         -5.1   0.0, 0.0      -5.1      9.450     16.529
  54         -5.0   0.0, 0.0      -5.0      5.012      8.863
  55         -5.0   0.0, 0.0      -5.0     10.934     15.788
  56         -4.9   0.0, 0.0      -4.9     10.406     19.128
  57         -4.9   0.0, 0.0      -4.9     18.225     23.399
  58         -4.8   0.0, 0.0      -4.8      5.776     12.814
  59         -4.7   0.0, 0.0      -4.7      9.733     16.739
  60         -4.7   0.0, 0.0      -4.7      8.472     15.625
  61         -4.6   0.0, 0.0      -4.6     12.541     17.926
  62         -4.6   0.0, 0.0      -4.6      6.611     13.377
  63         -4.4   0.0, 0.0      -4.4     12.539     21.419
  64         -4.4   0.0, 0.0      -4.4     11.950     18.038
  65         -4.4   0.0, 0.0      -4.4     14.288     22.503
  66         -4.3   0.0, 0.0      -4.3     16.836     21.534
  67         -4.3   0.0, 0.0      -4.3      8.463     15.963
  68         -4.3   0.0, 0.0      -4.3     10.536     18.077
  69         -4.3   0.0, 0.0      -4.3     12.320     20.325
  70         -4.1   0.0, 0.0      -4.1      5.656     14.152
  71         -4.1   0.0, 0.0      -4.1     12.141     19.960
  72         -4.0   0.0, 0.0      -4.0     12.626     20.314
  73         -3.9   0.0, 0.0      -3.9      8.829     15.573
  74         -3.9   0.0, 0.0      -3.9     13.396     19.584
  75         -3.8   0.0, 0.0      -3.8     10.836     19.955
  76         -3.8   0.0, 0.0      -3.8      9.417     13.537
  77         -3.8   0.0, 0.0      -3.8     10.160     19.358
  78         -3.7   0.0, 0.0      -3.7     10.378     19.381
  79         -3.6   2.3, 0.0      -5.9      8.897     15.543
  80         -3.5   0.0, 0.0      -3.5     11.367     19.827
  81         -3.3   0.0, 0.0      -3.3     17.189     22.415
  82         -3.3   0.0, 0.0      -3.3      8.768     15.584
  83         -3.2   0.0, 0.0      -3.2     10.491     16.400
  84         -3.0   0.0, 0.0      -3.0     14.704     21.709
  85         -3.0   0.0, 0.0      -3.0     10.304     19.130
  86         -3.0   0.0, 0.0      -3.0      9.647     14.180
  87         -2.8   0.0, 0.0      -2.8     12.757     19.621
  88         -2.7   0.0, 0.0      -2.7     14.357     20.603
  89         -2.6   0.0, 0.0      -2.6      8.725     13.539
  90         -2.6   0.0, 0.0      -2.6     10.661     16.662
  91         -2.5   0.0, 0.0      -2.5     10.813     16.721
  92         -2.4   0.0, 0.0      -2.4     13.543     18.944
  93         -2.4   0.0, 0.0      -2.4     20.421     28.659
  94         -2.3   0.0, 0.0      -2.3     15.668     22.033
  95         -2.2   0.0, 0.0      -2.2     21.732     29.411
  96         -2.1   0.0, 0.0      -2.1     13.259     19.847
  97         -2.1   0.0, 0.0      -2.1      9.168     15.390
  98         -2.0   0.0, 0.0      -2.0     13.025     19.591
  99         -2.0   2.0, 0.0      -4.0     10.449     16.476
 100         -1.8   0.0, 0.0      -1.8     16.967     23.722
Writing output ... done.
elapsed time: 2895.945s