mode |   affinity |   chi,   |  affinity | dist from best mode
     | (kcal/mol) |   ffe    |  -chi -ff  | rmsd l.b.| rmsd u.b.
-----+------------+---------+--------------------+------------
   1         -9.1   0.0, 0.0      -9.1      0.000      0.000
   2         -9.1   0.0, 0.0      -9.1      3.438     11.579
   3         -9.0   0.0, 0.0      -9.0      3.829     13.526
   4         -9.0   0.0, 0.0      -9.0      3.107     11.285
   5         -9.0   0.0, 0.0      -9.0      3.525     13.458
   6         -8.6   0.0, 0.0      -8.6      3.901      5.814
   7         -8.6   0.0, 0.0      -8.6      2.739     11.669
   8         -8.6   0.0, 0.0      -8.6      3.408     13.004
   9         -8.5   0.0, 0.0      -8.5      3.809      7.282
  10         -8.4   0.0, 0.0      -8.4      2.631      4.997
  11         -8.4   0.0, 0.0      -8.4      3.894      7.276
  12         -8.1   0.0, 0.0      -8.1      4.540      7.270
  13         -8.1   0.0, 0.0      -8.1      4.094      6.578
  14         -8.0   0.0, 0.0      -8.0      2.541     11.665
  15         -8.0   0.0, 0.0      -8.0      5.712     13.477
  16         -8.0   0.0, 0.0      -8.0      5.052     11.442
  17         -8.0   0.0, 0.0      -8.0      4.237      7.675
  18         -7.9   0.0, 0.0      -7.9      7.250     11.902
  19         -7.8   0.0, 0.0      -7.8      5.303      8.477
  20         -7.8   0.0, 0.0      -7.8      5.350      7.561
  21         -7.8   0.0, 0.0      -7.8      3.776      7.024
  22         -7.8   0.0, 0.0      -7.8      5.421     11.788
  23         -7.8   0.0, 0.0      -7.8      6.246     12.085
  24         -7.7   0.0, 0.0      -7.7      5.640      8.628
  25         -7.7   0.0, 0.0      -7.7      3.324     11.937
  26         -7.7   0.0, 0.0      -7.7      8.080     11.363
  27         -7.6   0.0, 0.0      -7.6      4.727     11.812
  28         -7.6   0.0, 0.0      -7.6      4.443      7.009
  29         -7.6   0.0, 0.0      -7.6      4.725      7.462
  30         -7.6   0.0, 0.0      -7.6      4.928      8.452
  31         -7.6   0.0, 0.0      -7.6      4.405     12.120
  32         -7.5   0.0, 0.0      -7.5      4.602      7.334
  33         -7.5   0.0, 0.0      -7.5      5.400     11.927
  34         -7.5   0.0, 0.0      -7.5      3.898     11.657
  35         -7.5   0.0, 0.0      -7.5      3.743     11.171
  36         -7.5   0.0, 0.0      -7.5      4.815      7.130
  37         -7.4   0.0, 0.0      -7.4      4.095      6.263
  38         -7.3   0.0, 0.0      -7.3      4.200      6.815
  39         -7.3   0.0, 0.0      -7.3      8.831     12.806
  40         -7.3   0.0, 0.0      -7.3      5.576      8.284
  41         -7.3   0.0, 0.0      -7.3      3.986     11.269
  42         -7.3   0.0, 0.0      -7.3      6.097     12.050
  43         -7.2   0.0, 0.0      -7.2      4.005     12.102
  44         -7.2   0.0, 0.0      -7.2      4.959      7.366
  45         -7.2   0.0, 0.0      -7.2      4.989      7.206
  46         -7.2   0.0, 0.0      -7.2      3.941      6.547
  47         -7.2   0.0, 0.0      -7.2      9.429     13.063
  48         -7.2   0.0, 0.0      -7.2      2.268     11.614
  49         -7.2   0.0, 0.0      -7.2      5.384     11.691
  50         -7.1   0.0, 0.0      -7.1      2.878     11.798
  51         -7.1   0.0, 0.0      -7.1      5.015     11.783
  52         -7.1   0.0, 0.0      -7.1      4.686      6.962
  53         -7.1   0.0, 0.0      -7.1      4.815     11.757
  54         -7.0   0.0, 0.0      -7.0      5.504      8.421
  55         -7.0   0.0, 0.0      -7.0      3.647     11.760
  56         -7.0   0.0, 0.0      -7.0      4.434      6.477
  57         -7.0   0.0, 0.0      -7.0     11.862     15.219
  58         -7.0   0.0, 0.0      -7.0      4.567     12.001
  59         -7.0   0.0, 0.0      -7.0      4.325     11.745
  60         -7.0   0.0, 0.0      -7.0      4.644      7.072
  61         -7.0   0.0, 0.0      -7.0      5.288      7.450
  62         -6.9   0.0, 0.0      -6.9      3.217      5.204
  63         -6.9   0.0, 0.0      -6.9      2.526     11.559
  64         -6.9   0.0, 0.0      -6.9      2.895      5.663
  65         -6.8   0.0, 0.0      -6.8      2.734     12.179
  66         -6.8   0.0, 0.0      -6.8      6.897     13.095
  67         -6.8   0.0, 0.0      -6.8      2.975     11.618
  68         -6.8   0.0, 0.0      -6.8     12.461     14.914
  69         -6.7   0.0, 0.0      -6.7      4.046      6.275
  70         -6.7   0.0, 0.0      -6.7      3.210     11.628
  71         -6.7   0.0, 0.0      -6.7      3.543     11.681
  72         -6.7   0.0, 0.0      -6.7      3.580      5.887
  73         -6.7   0.0, 0.0      -6.7      2.309     11.324
  74         -6.7   0.0, 0.0      -6.7      2.667      4.536
  75         -6.7   0.0, 0.0      -6.7      6.036      9.744
  76         -6.6   0.0, 0.0      -6.6      4.144      6.477
  77         -6.6   0.0, 0.0      -6.6      4.041      7.727
  78         -6.6   0.0, 0.0      -6.6      2.732      3.786
  79         -6.6   0.0, 0.0      -6.6      3.953     11.981
  80         -6.6   0.0, 0.0      -6.6      7.321     11.609
  81         -6.6   0.0, 0.0      -6.6      5.368     11.931
  82         -6.5   0.0, 0.0      -6.5      5.953     12.833
  83         -6.5   0.0, 0.0      -6.5      4.079     11.644
  84         -6.5   0.0, 0.0      -6.5      5.052      8.275
  85         -6.5   0.0, 0.0      -6.5      4.587      7.083
  86         -6.5   0.0, 0.0      -6.5      4.513      7.388
  87         -6.4   0.0, 0.0      -6.4      1.961      3.190
  88         -6.4   0.0, 0.0      -6.4      8.920     14.305
  89         -6.4   0.0, 0.0      -6.4      6.598     12.064
  90         -6.4   0.0, 0.0      -6.4      4.897     11.447
  91         -6.3   0.0, 0.0      -6.3      8.996     14.366
  92         -6.3   0.0, 0.0      -6.3      2.087      2.679
  93         -6.3   0.0, 0.0      -6.3      5.922     12.858
  94         -6.3   0.0, 0.0      -6.3      5.511      9.437
  95         -6.3   0.0, 0.0      -6.3      9.179     14.317
  96         -6.3   0.0, 0.0      -6.3      7.342     13.718
  97         -6.3   0.0, 0.0      -6.3      4.165      6.574
  98         -6.3   0.0, 0.0      -6.3      7.703     11.672
  99         -6.2   0.0, 0.0      -6.2      3.255     11.951
 100         -6.2   0.0, 0.0      -6.2      5.997      8.554