#################################################################
#                       GlycoTorch-Vina Results                 #
#################################################################

WARNING: The search space volume > 27000 Angstrom^3 (See FAQ)
ligand.pdbqt
Output will be ligand_out.pdbqt
Detected 8 CPUs
Reading input ...
CHI energy penalties NOT applied to torsion in linkage b/w A00   1  and A00   2  | ??? (?1 - 4e) 4C1
CHI energy penalties applied to torsion in linkage b/w A00   2  and A00   3  | 4C1 (a1 - 4a) 1C4
CHI energy penalties applied to torsion in linkage b/w A00   3  and A00   4  | 1C4 (a1 - 4e) 4C1
done.
Setting up the scoring function ... done.
Analyzing the binding site ... done.
Using random seed: -1062580792
Performing search ...
0%   10   20   30   40   50   60   70   80   90   100%
|----|----|----|----|----|----|----|----|----|----|
***************************************************
done.
Refining results ... done.

mode |   affinity |   chi,   |  affinity | dist from best mode
     | (kcal/mol) |   ffe    |  -chi -ff  | rmsd l.b.| rmsd u.b.
-----+------------+---------+--------------------+------------
   1         -8.9   0.0, 0.0      -8.9      0.000      0.000
   2         -8.5   0.0, 0.0      -8.5      2.237     10.488
   3         -8.4   0.0, 0.0      -8.4      4.114      6.706
   4         -8.3   0.0, 0.0      -8.3      2.301      2.668
   5         -8.2   0.0, 0.0      -8.2      3.314      7.627
   6         -8.1   0.0, 0.0      -8.1      2.936     10.312
   7         -7.9   0.0, 0.0      -7.9      2.875     10.262
   8         -7.0   0.0, 0.0      -7.0      2.417     10.286
   9         -6.8   0.0, 0.0      -6.8      2.443     10.168
  10         -6.4   0.0, 0.0      -6.4      4.995     10.464
  11         -6.3   0.0, 0.0      -6.3      2.572     10.172
  12         -6.2   0.0, 0.0      -6.2     11.564     15.759
  13         -5.9   0.0, 0.0      -5.9      2.550     10.409
  14         -5.8   0.0, 0.0      -5.8      5.541     10.589
  15         -5.7   0.0, 0.0      -5.7      5.841     11.198
  16         -5.5   0.0, 0.0      -5.5     13.156     16.693
  17         -5.1   0.0, 0.0      -5.1      6.744     11.613
  18         -4.9   0.0, 0.0      -4.9      2.697     11.008
  19         -4.7   0.0, 0.0      -4.7      3.087     11.200
  20         -4.5   0.0, 0.0      -4.5     16.091     19.201
  21         -4.1   0.0, 0.0      -4.1     10.878     15.895
  22         -4.1   0.0, 0.0      -4.1      6.945     11.341
  23         -3.9   0.0, 0.0      -3.9     16.267     20.113
  24         -3.9   0.0, 0.0      -3.9      7.327     11.855
  25         -3.6   0.0, 0.0      -3.6     16.851     20.627
  26         -3.5   0.0, 0.0      -3.5     16.664     20.223
  27         -3.3   0.0, 0.0      -3.3     11.089     16.565
  28         -3.2   0.0, 0.0      -3.2      5.889     10.905
  29         -2.9   0.0, 0.0      -2.9     12.200     17.245
  30         -2.7   0.0, 0.0      -2.7     12.506     17.606
  31         -2.5   0.0, 0.0      -2.5     11.807     16.478
  32         -2.4   0.0, 0.0      -2.4     10.881     15.940
  33         -2.1   0.0, 0.0      -2.1     18.189     22.038
  34         -1.5   0.0, 0.0      -1.5     13.601     21.133
  35         -1.2   0.0, 0.0      -1.2     16.391     23.908
  36         -1.2   0.0, 0.0      -1.2     16.190     23.913
  37         -1.0   0.0, 0.0      -1.0     62.469     67.453
  38         -1.0   0.0, 0.0      -1.0     50.307     57.196
  39         -1.0   0.0, 0.0      -1.0     79.791     85.428
  40         -1.0   0.0, 0.0      -1.0     78.697     84.619
  41         -1.0   0.0, 0.0      -1.0     46.918     52.738
  42         -1.0   0.0, 0.0      -1.0     43.493     51.027
  43         -1.0   0.0, 0.0      -1.0     45.527     50.752
  44         -1.0   0.0, 0.0      -1.0     87.243     92.763
  45         -1.0   0.0, 0.0      -1.0     68.188     73.513
  46         -1.0   0.0, 0.0      -1.0     45.562     50.223
  47         -1.0   0.0, 0.0      -1.0     50.303     55.993
  48         -1.0   0.0, 0.0      -1.0     73.878     78.626
  49         -1.0   0.0, 0.0      -1.0     37.696     42.009
  50         -1.0   0.0, 0.0      -1.0     32.232     36.938
  51         -1.0   0.0, 0.0      -1.0     86.665     90.669
  52         -1.0   0.0, 0.0      -1.0     49.436     54.115
  53         -1.0   0.0, 0.0      -1.0     59.882     65.470
  54         -1.0   0.0, 0.0      -1.0     85.017     89.274
  55         -1.0   0.0, 0.0      -1.0     41.798     46.247
  56         -1.0   0.0, 0.0      -1.0     87.924     94.369
  57         -1.0   0.0, 0.0      -1.0     74.597     79.375
  58         -1.0   0.0, 0.0      -1.0     51.237     56.089
  59         -1.0   0.0, 0.0      -1.0     51.496     56.422
  60         -1.0   0.0, 0.0      -1.0     51.398     56.271
  61         -1.0   0.0, 0.0      -1.0     70.517     75.435
  62         -1.0   0.0, 0.0      -1.0     37.739     42.776
  63         -1.0   0.0, 0.0      -1.0     57.789     62.356
  64         -1.0   0.0, 0.0      -1.0     82.326     87.922
  65         -1.0   0.0, 0.0      -1.0     43.309     48.153
  66         -1.0   0.0, 0.0      -1.0     95.399    100.049
  67         -1.0   0.0, 0.0      -1.0     81.977     87.972
  68         -1.0   0.0, 0.0      -1.0     31.741     38.066
  69         -1.0   0.0, 0.0      -1.0     45.670     50.962
  70         -1.0   0.0, 0.0      -1.0     68.611     75.749
  71         -1.0   0.0, 0.0      -1.0     58.498     63.039
  72         -1.0   0.0, 0.0      -1.0     30.240     36.548
  73         -1.0   0.0, 0.0      -1.0     50.901     55.943
  74         -1.0   0.0, 0.0      -1.0     86.258     92.000
  75         -1.0   0.0, 0.0      -1.0     55.793     61.297
  76         -1.0   0.0, 0.0      -1.0     54.399     60.032
  77         -1.0   0.0, 0.0      -1.0     49.821     54.672
  78         -1.0   0.0, 0.0      -1.0     73.502     78.058
  79         -1.0   0.0, 0.0      -1.0     50.026     57.115
  80         -1.0   0.0, 0.0      -1.0     50.616     55.199
  81         -1.0   0.0, 0.0      -1.0     42.359     46.998
  82         -1.0   0.0, 0.0      -1.0     35.879     40.793
  83         -1.0   0.0, 0.0      -1.0     36.868     41.534
  84         -1.0   0.0, 0.0      -1.0     36.854     42.028
  85         -1.0   0.0, 0.0      -1.0     80.175     84.070
  86         -1.0   0.0, 0.0      -1.0     86.874     91.391
  87         -1.0   0.0, 0.0      -1.0     77.242     81.518
  88         -1.0   0.0, 0.0      -1.0     69.733     74.383
  89         -1.0   0.0, 0.0      -1.0     73.010     78.388
  90         -1.0   0.0, 0.0      -1.0     50.161     54.867
  91         -0.9   0.0, 0.0      -0.9     61.035     65.180
  92         -0.9   0.0, 0.0      -0.9     66.264     70.729
  93         -0.9   0.0, 0.0      -0.9     71.439     75.719
  94         -0.9   0.0, 0.0      -0.9     58.196     62.701
  95         -0.9   0.0, 0.0      -0.9     71.411     75.879
  96         -0.9   0.0, 0.0      -0.9     66.476     71.690
  97         -0.9   0.0, 0.0      -0.9     64.844     69.751
  98         -0.9   0.0, 0.0      -0.9     58.753     62.718
  99         -0.9   0.0, 0.0      -0.9     71.102     75.958
 100         -0.9   0.0, 0.0      -0.9     56.000     61.009
Writing output ... done.
elapsed time: 2153.511s