#################################################################
#                       GlycoTorch-Vina Results                 #
#################################################################

WARNING: The search space volume > 27000 Angstrom^3 (See FAQ)
ligand.pdbqt
Output will be ligand_out.pdbqt
Detected 8 CPUs
Reading input ...
CHI energy penalties NOT applied to torsion in linkage b/w A00   1  and A00   2  | ??? (?1 - 4e) 4C1
CHI energy penalties applied to torsion in linkage b/w A00   2  and A00   3  | 4C1 (a1 - 4a) 1C4
CHI energy penalties applied to torsion in linkage b/w A00   3  and A00   4  | 1C4 (a1 - 4e) 4C1
done.
Setting up the scoring function ... done.
Analyzing the binding site ... done.
Using random seed: -1534755920
Performing search ...
0%   10   20   30   40   50   60   70   80   90   100%
|----|----|----|----|----|----|----|----|----|----|
***************************************************
done.
Refining results ... done.

mode |   affinity |   chi,   |  affinity | dist from best mode
     | (kcal/mol) |   ffe    |  -chi -ff  | rmsd l.b.| rmsd u.b.
-----+------------+---------+--------------------+------------
   1         -5.6   0.0, 0.0      -5.6      0.000      0.000
   2         -5.4   0.0, 0.0      -5.4      2.910      9.951
   3         -5.1   0.0, 0.0      -5.1      7.500     12.940
   4         -4.8   0.0, 0.0      -4.8     26.584     33.547
   5         -4.5   0.0, 0.0      -4.5      7.139     13.257
   6         -4.4   0.0, 0.0      -4.4     28.018     34.914
   7         -4.2   0.0, 0.0      -4.2     27.246     33.643
   8         -4.0   0.0, 0.0      -4.0     34.732     40.855
   9         -3.6   0.0, 0.0      -3.6     35.247     40.801
  10         -3.5   0.0, 0.0      -3.5      6.539     12.653
  11         -3.2   0.0, 0.0      -3.2      7.221     12.690
  12         -2.9   0.0, 0.0      -2.9     35.852     40.673
  13         -2.3   0.0, 0.0      -2.3     36.277     42.651
  14         -2.1   0.0, 0.0      -2.1     35.809     42.985
  15         -1.6   0.0, 0.0      -1.6      6.581     12.151
  16         -0.6   0.0, 0.0      -0.6      6.017     11.559
  17         -0.4   0.0, 0.0      -0.4     12.831     16.911
  18         -0.4   0.0, 0.0      -0.4    203.262    207.576
  19         -0.4   0.0, 0.0      -0.4    104.502    109.350
  20         -0.4   0.0, 0.0      -0.4    111.774    116.018
  21         -0.4   0.0, 0.0      -0.4     85.432     90.750
  22         -0.4   0.0, 0.0      -0.4    168.899    174.331
  23         -0.4   0.0, 0.0      -0.4    120.089    126.952
  24         -0.4   0.0, 0.0      -0.4    136.306    141.352
  25         -0.4   0.0, 0.0      -0.4     87.056     91.681
  26         -0.4   0.0, 0.0      -0.4    121.308    126.429
  27         -0.4   0.0, 0.0      -0.4     28.706     32.843
  28         -0.4   0.0, 0.0      -0.4    103.444    108.474
  29         -0.4   0.0, 0.0      -0.4    169.550    173.924
  30         -0.4   0.0, 0.0      -0.4    193.201    197.690
  31         -0.4   0.0, 0.0      -0.4    182.685    187.221
  32         -0.4   0.0, 0.0      -0.4    185.598    190.360
  33         -0.4   0.0, 0.0      -0.4    134.488    139.927
  34         -0.4   0.0, 0.0      -0.4    110.576    115.349
  35         -0.4   0.0, 0.0      -0.4    116.055    119.920
  36         -0.4   0.0, 0.0      -0.4    110.401    114.955
  37         -0.4   0.0, 0.0      -0.4     97.070    102.123
  38         -0.4   0.0, 0.0      -0.4    108.145    112.004
  39         -0.4   0.0, 0.0      -0.4    159.585    164.927
  40         -0.4   0.0, 0.0      -0.4    193.119    198.308
  41         -0.4   0.0, 0.0      -0.4    221.559    225.894
  42         -0.4   0.0, 0.0      -0.4    136.747    142.089
  43         -0.4   0.0, 0.0      -0.4    182.755    187.411
  44         -0.4   0.0, 0.0      -0.4    203.107    208.800
  45         -0.4   0.0, 0.0      -0.4    210.512    214.649
  46         -0.4   0.0, 0.0      -0.4    190.249    195.404
  47         -0.4   0.0, 0.0      -0.4    127.072    131.315
  48         -0.4   0.0, 0.0      -0.4    196.725    201.453
  49         -0.4   0.0, 0.0      -0.4    131.116    135.811
  50         -0.4   0.0, 0.0      -0.4    116.625    122.238
  51         -0.4   0.0, 0.0      -0.4    114.446    119.098
  52         -0.4   0.0, 0.0      -0.4    114.359    119.378
  53         -0.4   0.0, 0.0      -0.4    185.639    190.744
  54         -0.4   0.0, 0.0      -0.4    144.427    149.570
  55         -0.4   0.0, 0.0      -0.4    100.360    104.959
  56         -0.4   0.0, 0.0      -0.4    198.726    203.829
  57         -0.4   0.0, 0.0      -0.4    120.264    124.961
  58         -0.4   0.0, 0.0      -0.4    121.187    125.827
  59         -0.4   0.0, 0.0      -0.4    186.678    191.162
  60         -0.4   0.0, 0.0      -0.4    112.978    117.663
  61         -0.4   0.0, 0.0      -0.4    211.271    215.301
  62         -0.4   0.0, 0.0      -0.4    168.887    173.847
  63         -0.4   0.0, 0.0      -0.4     38.046     43.736
  64         -0.4   0.0, 0.0      -0.4    182.903    188.878
  65         -0.4   0.0, 0.0      -0.4    138.475    142.803
  66         -0.4   0.0, 0.0      -0.4    194.823    199.331
  67         -0.4   0.0, 0.0      -0.4    114.163    118.796
  68         -0.4   0.0, 0.0      -0.4    138.218    142.578
  69         -0.4   0.0, 0.0      -0.4    157.525    161.454
  70         -0.4   0.0, 0.0      -0.4    146.039    149.999
  71         -0.4   0.0, 0.0      -0.4    206.658    212.048
  72         -0.4   0.0, 0.0      -0.4     96.473    101.046
  73         -0.3   0.0, 0.0      -0.3    136.490    140.754
  74         -0.3   0.0, 0.0      -0.3    190.096    193.792
  75         -0.3   0.0, 0.0      -0.3     37.298     42.591
  76         -0.3   0.0, 0.0      -0.3     40.365     45.477
  77         -0.3   0.0, 0.0      -0.3    136.712    141.330
  78         -0.3   0.0, 0.0      -0.3    125.465    130.623
  79         -0.3   0.0, 0.0      -0.3    121.200    126.367
  80         -0.3   0.0, 0.0      -0.3    114.917    118.860
  81         -0.3   0.0, 0.0      -0.3    115.287    119.381
  82         -0.3   0.0, 0.0      -0.3     89.815     95.826
  83         -0.3   0.0, 0.0      -0.3    144.265    149.101
  84         -0.3   0.0, 0.0      -0.3    197.657    201.863
  85         -0.3   0.0, 0.0      -0.3     92.815     97.559
  86         -0.3   0.0, 0.0      -0.3    155.812    160.309
  87         -0.3   0.0, 0.0      -0.3    112.270    115.695
  88         -0.3   0.0, 0.0      -0.3    110.041    114.597
  89         -0.3   0.0, 0.0      -0.3    109.217    114.343
  90         -0.3   0.0, 0.0      -0.3    177.293    183.382
  91         -0.3   0.0, 0.0      -0.3    111.936    115.669
  92         -0.3   0.0, 0.0      -0.3     86.757     92.933
  93         -0.3   0.0, 0.0      -0.3    179.381    185.159
  94         -0.2   0.0, 0.0      -0.2    156.500    160.819
  95         -0.2   0.0, 0.0      -0.2    211.775    217.558
  96         -0.2   0.0, 0.0      -0.2    105.702    110.329
  97         -0.2   0.0, 0.0      -0.2    136.117    142.012
  98         -0.2   0.0, 0.0      -0.2    119.623    123.086
  99         -0.2   0.0, 0.0      -0.2    161.431    166.406
 100         -0.2   0.0, 0.0      -0.2    161.064    166.102
Writing output ... done.
elapsed time: 1691.422s